0 371066.64
1 371066.64
2 371066.64
3 370755.38
4 370755.38
5 370755.38
6 370755.38
7 370755.38
8 370755.38
9 370588.38
10 370588.38
11 370315.64
12 370315.64
13 370315.64
14 369993.43
15 369993.43
16 369661.60
17 369661.60
18 369661.60
19 369661.60
20 369603.28
21 369603.28
22 369603.28
23 369603.28
24 369603.28
25 369037.52
26 369037.52
27 369037.52
28 369037.52
29 369037.52
30 369037.52
31 369037.52
32 369037.52
33 368649.86
34 368465.03
35 368465.03
36 368465.03
37 368465.03
38 368149.82
39 368149.82
40 367912.77
41 367912.77
42 367912.77
43 367912.77
44 367912.77
45 367912.77
46 367747.61
47 367747.61
48 367294.58
49 367217.34
50 367217.34
51 367217.34
52 367217.34
53 367217.34
54 367217.34
55 367217.34
56 367217.34
57 367217.34
58 366866.31
59 366866.31
60 366866.31
61 366866.31
62 366801.76
63 366559.61
64 366559.61
65 366559.61
66 366559.61
67 366559.61
68 366559.61
69 366404.21
70 366116.60
71 366116.60
72 365790.68
73 365790.68
74 365790.68
75 365790.68
76 365304.84
77 365304.84
78 365134.50
79 364531.33
80 364531.33
81 364276.42
82 364276.42
83 364276.42
84 364121.61
85 364121.61
86 363978.73
87 363978.73
88 363824.14
89 363224.07
90 363101.08
91 363036.14
92 363036.14
93 362858.47
94 362337.75
95 361842.47
96 361416.36
97 361416.36
98 361207.64
99 361207.64
100 361207.64
101 361207.64
102 361190.62
103 360544.73
104 360544.73
105 360544.73
106 360184.54
107 359525.90
108 359525.90
109 359525.90
110 359525.90
111 358890.93
112 358890.93
113 358862.08
114 358862.08
115 358862.08
116 358641.68
117 358641.68
118 358451.00
119 358451.00
120 358451.00
121 358451.00
122 358451.00
123 358010.97
124 358010.97
125 358010.97
126 358010.97
127 358010.97
128 357602.92
129 357345.74
130 356998.34
131 356998.34
132 356811.35
133 356811.35
134 356608.70
135 356608.70
136 356437.68
137 356437.68
138 356437.68
139 356367.04
140 356367.04
141 356080.63
142 356080.63
143 356080.63
144 356080.63
145 355961.41
146 355961.41
147 355961.41
148 355961.41
149 355706.60
150 355706.60
151 355706.60
152 355706.60
153 355706.60
154 355706.60
155 355010.98
156 354756.29
157 354572.40
158 354572.40
159 354572.40
160 354312.70
161 354312.70
162 354312.70
163 353765.71
164 353250.39
165 352977.79
166 352977.79
167 352941.85
168 352941.85
169 352530.62
170 352530.62
171 352530.62
172 352530.62
173 352307.10
174 352307.10
175 351555.54
176 351533.80
177 350920.76
178 350920.76
179 350919.16
180 350919.16
181 350919.16
182 350827.91
183 350338.19
184 350338.19
185 350338.19
186 350338.19
187 349864.01
188 349864.01
189 349864.01
190 349572.27
191 349475.86
192 349475.86
193 349475.86
194 349336.13
195 349336.13
196 349336.13
197 349336.13
198 349336.13
199 349336.13
200 349052.80
201 348960.81
202 348960.81
203 348960.81
204 348960.81
205 348882.86
206 348457.66
207 348457.66
208 348457.66
209 348457.66
210 348457.66
211 348457.66
212 348457.66
213 348358.68
214 348358.68
215 348358.68
216 348358.68
217 348358.68
218 348358.68
219 348271.97
220 348271.97
221 347965.71
222 347965.71
223 347965.71
224 347965.71
225 347965.71
226 347965.71
227 347965.71
228 347965.71
229 347611.49
230 347611.49
231 347259.69
232 347259.69
233 347259.69
234 347259.69
235 347155.55
236 347136.17
237 347136.17
238 347136.17
239 347136.17
240 347136.17
241 346893.73
242 346471.55
243 346277.17
244 346203.43
245 346097.15
246 346077.89
247 346077.89
248 346077.89
249 345992.47
250 345970.94
251 345970.94
252 345970.94
253 345970.94
254 345970.94
255 345970.94
256 345970.94
257 345881.44
258 345880.04
259 345880.04
260 345880.04
261 345880.04
262 345880.04
263 345764.84
264 345432.31
265 345432.31
266 345231.02
267 345198.82
268 345198.82
269 345198.82
270 345198.82
271 345198.82
272 344556.94
273 344556.94
274 344556.94
275 344556.94
276 344387.18
277 344253.19
278 343774.78
279 343386.15
280 342735.60
281 342735.60
282 342608.38
283 342608.38
284 342608.38
285 342344.25
286 342344.25
287 342344.25
288 342344.25
289 342344.25
290 342344.25
291 342344.25
292 342344.25
293 341937.05
294 341937.05
295 341937.05
296 341841.61
297 341769.52
298 341276.37
299 341276.37
300 341197.96
301 340869.62
302 340869.62
303 340869.62
304 340730.35
305 340730.35
306 340027.99
307 340027.99
308 339646.21
309 339646.21
310 339107.32
311 339024.16
312 339024.16
313 339024.16
314 339024.16
315 338937.55
316 338937.55
317 338937.55
318 338937.55
319 338937.55
320 338723.78
321 338609.09
322 338609.09
323 338603.37
324 338341.98
325 337993.54
326 337993.54
327 337993.54
328 337993.54
329 337636.14
330 337636.14
331 337596.35
332 337596.35
333 337204.47
334 337121.90
335 337121.90
336 337121.90
337 336906.18
338 336846.84
339 336846.84
340 336846.84
341 336846.84
342 336846.84
343 336701.72
344 336701.72
345 336701.72
346 336701.72
347 336371.61
348 336326.52
349 336300.01
350 335823.74
351 335297.28
352 335297.28
353 335297.28
354 335191.44
355 335191.44
356 335191.44
357 335191.44
358 334790.90
359 334790.90
360 334680.53
361 334680.53
362 334482.30
363 334482.30
364 334302.89
365 334302.89
366 333427.66
367 333427.66
368 333427.66
369 333427.66
370 333172.89
371 333172.89
372 333172.89
373 332986.94
374 332986.94
375 332986.94
376 332986.94
377 332811.40
378 332511.22
379 332511.22
380 332511.22
381 332511.22
382 332511.22
383 332425.98
384 332425.98
385 332425.98
386 332424.26
387 332424.26
388 332424.26
389 332424.26
390 332381.74
391 331973.37
392 331973.37
393 331973.37
394 331973.37
395 331670.53
396 331670.53
397 331300.10
398 330815.07
399 330741.73
400 330741.73
401 330741.73
402 330741.73
403 330672.41
404 330221.73
405 330221.73
406 330221.73
407 330221.73
408 330221.73
409 330209.73
410 329820.98
411 329796.33
412 329796.33
413 329470.91
414 329470.91
415 329412.91
416 329412.91
417 329197.13
418 329197.13
419 329197.13
420 329197.13
421 329197.13
422 329197.13
423 328921.08
424 328921.08
425 328784.57
426 328784.57
427 328321.64
428 328231.29
429 328231.29
430 328231.29
431 328231.29
432 328231.29
433 328231.29
434 328231.29
435 328231.29
436 328231.29
437 328231.29
438 328231.29
439 328231.29
440 328231.29
441 328195.71
442 327879.29
443 327879.29
444 327879.29
445 327879.29
446 327879.29
447 327879.29
448 327879.29
449 327879.29
450 327879.29
451 327721.97
452 327721.97
453 327721.97
454 327721.97
455 327721.97
456 327721.97
457 327721.97
458 327233.90
459 327233.90
460 327233.90
461 326907.51
462 326907.51
463 326907.51
464 326907.51
465 326612.24
466 326612.24
467 326612.24
468 326612.24
469 326612.24
470 325875.81
471 325367.79
472 325367.79
473 325367.79
474 325041.42
475 325041.42
476 325041.42
477 324949.65
478 324949.65
479 324949.65
480 324614.00
481 324614.00
482 324446.59
483 324446.59
484 324446.59
485 324027.31
486 323402.67
487 323402.67
488 323402.67
489 323314.08
490 323314.08
491 323208.63
492 323208.63
493 323208.63
494 323116.99
495 322994.03
496 322555.92
497 322555.92
498 322555.92
499 322499.46
500 322499.46
501 321965.63
502 321652.30
503 321652.30
504 321652.30
505 321471.82
506 321471.82
507 321471.82
508 321471.82
509 321157.23
510 321157.23
511 320953.04
512 320953.04
513 320953.04
514 320953.04
515 320953.04
516 320804.38
517 320515.63
518 320515.63
519 320515.63
520 320515.63
521 320515.63
522 320515.63
523 320417.60
524 320417.60
525 320417.60
526 320417.60
527 320197.12
528 320197.12
529 320197.12
530 320197.12
531 320180.32
532 320180.32
533 319650.59
534 319650.59
535 319190.00
536 319044.42
537 319044.42
538 319044.42
539 318963.11
540 318650.23
541 318650.23
542 318650.23
543 318650.23
544 318650.23
545 318516.82
546 318516.82
547 318516.82
548 318275.65
549 318275.65
550 318275.65
551 318275.65
552 317946.79
553 317946.79
554 317946.79
555 317946.79
556 317946.79
557 317946.79
558 317946.79
559 317946.79
560 317946.79
561 317946.79
562 317724.32
563 317724.32
564 317724.32
565 317724.32
566 317169.33
567 317169.33
568 316824.70
569 316450.58
570 316450.58
571 316346.29
572 316346.29
573 315868.98
574 315868.98
575 315868.98
576 315868.98
577 315868.98
578 315600.00
579 315059.11
580 314480.01
581 314480.01
582 314480.01
583 314475.76
584 314475.76
585 313836.45
586 313836.45
587 313624.83
588 313611.11
589 313611.11
590 313584.84
591 313584.84
592 313584.84
593 313183.41
594 313183.41
595 313183.41
596 313183.41
597 313171.28
598 313062.83
599 313062.83
600 313062.83
601 312819.31
602 312819.31
603 312819.31
604 312819.31
605 312727.19
606 312701.43
607 312701.43
608 312453.78
609 312231.46
610 312046.25
611 312046.25
612 312046.25
613 312046.25
614 311666.16
615 311666.16
616 311666.16
617 311666.16
618 311666.16
619 311666.16
620 311422.91
621 311422.91
622 311422.91
623 311422.91
624 311422.91
625 311422.91
626 311422.91
627 310639.54
628 310639.54
629 310639.54
630 310502.37
631 310262.81
632 310205.61
633 310205.61
634 310205.61
635 310205.61
636 310205.61
637 310205.61
638 310205.61
639 309603.00
640 309603.00
641 309603.00
642 309603.00
643 309415.13
644 309415.13
645 309415.13
646 308974.45
647 308974.45
648 308974.45
649 308974.45
650 308396.50
651 308396.50
652 307872.84
653 307872.84
654 307872.84
655 307872.84
656 307544.89
657 307098.47
658 307098.47
659 307098.47
660 307098.47
661 307098.47
662 307098.47
663 306831.52
664 306831.52
665 306624.73
666 306624.73
667 306624.73
668 306624.73
669 306624.73
670 306400.25
671 306400.25
672 306400.25
673 306400.25
674 306400.25
675 306400.25
676 305842.51
677 305495.05
678 304878.81
679 304878.81
680 304434.50
681 304434.50
682 304130.76
683 303759.71
684 303759.71
685 303759.71
686 303153.48
687 302938.70
688 302807.20
689 302679.37
690 302679.37
691 302434.85
692 302222.22
693 301759.08
694 301759.08
695 301759.08
696 301617.03
697 301337.61
698 301272.97
699 301252.74
700 301252.74
701 301252.74
702 300896.87
703 300896.87
704 300440.92
705 300334.28
706 300334.28
707 300127.64
708 299503.84
709 298838.35
710 298838.35
711 298838.35
712 298838.35
713 298838.35
714 298838.35
715 298838.35
716 298676.61
717 298203.94
718 298203.94
719 298203.94
720 298203.94
721 297975.40
722 297975.40
723 297943.74
724 297895.62
725 297895.62
726 297895.62
727 297895.62
728 297784.78
729 297646.00
730 297646.00
731 297646.00
732 297220.71
733 296895.34
734 296776.18
735 296520.36
736 296520.36
737 296389.06
738 296226.45
739 296146.35
740 296146.35
741 296146.35
742 296146.35
743 296146.35
744 296146.35
745 296146.35
746 296146.35
747 296146.35
748 296146.35
749 295834.77
750 295834.77
751 295592.76
752 295592.76
753 295425.50
754 295425.50
755 295425.50
756 295379.95
757 295153.22
758 295153.22
759 294589.15
760 294032.13
761 294032.13
762 294032.13
763 294032.13
764 294032.13
765 294032.13
766 294032.13
767 294032.13
768 294032.13
769 293714.30
770 293714.30
771 293714.30
772 293714.30
773 293714.30
774 293239.05
775 293173.89
776 293173.89
777 292807.97
778 292807.97
779 292807.97
780 292807.97
781 292807.97
782 292386.74
783 292386.74
784 291717.45
785 291717.45
786 291658.51
787 291658.51
788 291515.18
789 291515.18
790 291515.18
791 291365.37
792 291365.37
793 291365.37
794 291365.37
795 291365.37
796 291365.37
797 291214.99
798 291039.83
799 291039.83
800 290481.29
801 290481.29
802 290481.29
803 290325.73
804 290325.73
805 290325.73
806 290234.92
807 290234.92
808 290138.43
809 290052.99
810 290052.99
811 290052.99
812 290052.99
813 290052.99
814 290052.99
815 290052.99
816 289948.39
817 289948.39
818 289948.39
819 289467.69
820 289467.69
821 289467.69
822 289467.69
823 289459.59
824 289459.59
825 289459.59
826 289459.59
827 289459.59
828 289459.59
829 289459.59
830 289459.59
831 289459.59
832 289459.59
833 289450.75
834 289437.43
835 289437.43
836 289437.43
837 289394.74
838 289394.74
839 289394.74
840 289394.74
841 289394.74
842 289374.20
843 289374.20
844 289374.20
845 289113.81
846 289113.81
847 289113.81
848 288706.78
849 288430.12
850 288313.79
851 288313.79
852 288313.79
853 288313.79
854 288311.74
855 288311.74
856 288308.58
857 288308.58
858 288308.58
859 288308.58
860 288199.73
861 288199.73
862 288199.73
863 288199.73
864 288010.86
865 288010.86
866 288010.86
867 287784.51
868 287531.11
869 287521.81
870 287392.95
871 287392.95
872 287392.95
873 287392.95
874 287392.95
875 287392.95
876 287177.51
877 287177.51
878 287177.51
879 287177.51
880 286987.00
881 286893.40
882 286287.70
883 286075.64
884 286075.64
885 286075.64
886 285885.48
887 285885.48
888 285885.48
889 285765.56
890 285765.56
891 285765.56
892 285682.26
893 285503.18
894 285452.45
895 285452.45
896 285452.45
897 285452.45
898 285452.45
899 285452.45
900 285383.92
901 285383.92
902 285383.92
903 285383.92
904 285383.92
905 285383.92
906 285383.92
907 285383.92
908 285383.92
909 285383.92
910 285383.92
911 285383.92
912 285383.92
913 285383.92
914 285324.87
915 285324.87
916 285324.87
917 285184.71
918 285184.71
919 285036.27
920 285036.27
921 285036.27
922 284944.93
923 284944.93
924 284944.93
925 284944.93
926 284752.65
927 284752.65
928 284752.65
929 284752.65
930 284752.65
931 284752.65
932 284752.65
933 284752.65
934 284752.65
935 284752.65
936 284752.65
937 284531.24
938 284135.35
939 284135.35
940 283979.68
941 283979.68
942 283599.59
943 283599.59
944 283488.99
945 283438.70
946 283438.70
947 283424.57
948 283424.57
949 283424.57
950 283424.57
951 283377.46
952 283377.46
953 283377.46
954 283063.81
955 282950.72
956 282950.72
957 282562.48
958 282562.48
959 282562.48
960 282410.90
961 282273.10
962 282273.10
963 282241.32
964 282241.32
965 282241.32
966 282241.32
967 282183.10
968 282175.72
969 282175.72
970 282175.72
971 282175.72
972 282175.72
973 282173.07
974 282173.07
975 282173.07
976 282173.07
977 282173.07
978 282173.07
979 281718.78
980 281718.78
981 281718.78
982 281718.78
983 281428.23
984 281149.39
985 281149.39
986 281149.39
987 281149.39
988 281149.39
989 281149.39
990 280833.89
991 280833.89
992 280833.89
993 280743.69
994 280743.69
995 280743.69
996 280743.69
997 280743.69
998 280743.69
999 280743.69
