0 369893.18
1 369678.88
2 369540.32
3 369035.32
4 369035.32
5 369001.98
6 369001.98
7 369001.98
8 368624.99
9 368624.99
10 368624.99
11 368624.99
12 368624.99
13 368624.99
14 368624.99
15 368624.99
16 368624.99
17 368601.75
18 368075.21
19 368075.21
20 368037.02
21 367963.32
22 367963.32
23 367176.67
24 367176.67
25 366985.04
26 366410.60
27 366287.50
28 366174.44
29 365957.28
30 365957.28
31 365957.28
32 365957.28
33 365893.35
34 365893.35
35 365563.03
36 365474.19
37 365098.79
38 365098.79
39 365098.79
40 364855.45
41 364845.80
42 364845.80
43 364802.91
44 364802.91
45 364793.35
46 364793.35
47 364349.57
48 364233.20
49 364200.06
50 364200.06
51 364200.06
52 364200.06
53 364200.06
54 364200.06
55 364200.06
56 364200.06
57 363697.51
58 363650.18
59 363650.18
60 363650.18
61 363650.18
62 363650.18
63 363530.08
64 363187.35
65 363187.35
66 363187.35
67 363187.35
68 363187.35
69 362647.95
70 362373.46
71 361966.22
72 361759.37
73 361759.37
74 361637.55
75 361391.59
76 361382.24
77 361382.24
78 361025.72
79 361025.72
80 360395.43
81 360395.43
82 359972.41
83 359972.41
84 359502.78
85 359502.78
86 359108.26
87 358874.43
88 358682.63
89 358682.63
90 358682.63
91 358529.45
92 358475.43
93 358288.47
94 358288.47
95 358257.17
96 358257.17
97 357907.03
98 357907.03
99 357907.03
100 357698.59
101 357698.59
102 357083.65
103 356941.73
104 356941.73
105 356526.17
106 356526.17
107 356098.30
108 356098.30
109 356098.30
110 355512.56
111 355512.56
112 355512.56
113 355512.56
114 355512.56
115 355512.56
116 355467.68
117 355467.68
118 355096.88
119 355096.88
120 355096.88
121 355096.88
122 355096.88
123 354991.28
124 354991.28
125 354991.28
126 354834.31
127 354834.31
128 354534.20
129 354534.20
130 354157.36
131 354157.36
132 354157.36
133 354137.06
134 354137.06
135 353622.42
136 353472.34
137 353472.34
138 353157.27
139 353157.27
140 352906.00
141 352763.70
142 352601.92
143 352601.92
144 352601.92
145 352601.92
146 352601.92
147 352601.92
148 352115.28
149 351843.35
150 351843.35
151 351707.44
152 351707.44
153 351707.44
154 351707.44
155 351645.11
156 351645.11
157 350884.98
158 350771.84
159 350771.84
160 350771.84
161 350453.87
162 349860.48
163 349860.48
164 349860.48
165 349054.26
166 348823.46
167 348823.46
168 348314.57
169 348314.57
170 348070.29
171 348070.29
172 347822.03
173 347822.03
174 347822.03
175 347822.03
176 347822.03
177 347674.43
178 347674.43
179 347674.43
180 347674.43
181 347458.12
182 347458.12
183 347458.12
184 347458.12
185 347458.12
186 347458.12
187 347458.12
188 347458.12
189 347458.12
190 347316.45
191 347316.45
192 347316.45
193 347316.45
194 347316.45
195 346678.23
196 346678.23
197 346499.92
198 346499.92
199 346499.92
200 346438.30
201 346438.30
202 346208.33
203 346208.33
204 346208.33
205 345893.10
206 345558.98
207 345558.98
208 345558.98
209 345558.98
210 345558.98
211 345558.98
212 345558.98
213 345558.98
214 345558.98
215 345395.42
216 345125.54
217 345125.54
218 345125.54
219 345125.54
220 345125.54
221 344748.36
222 344329.91
223 343795.13
224 343795.13
225 343492.43
226 343492.43
227 343443.22
228 343443.22
229 343443.22
230 343178.40
231 342897.69
232 342897.69
233 342897.69
234 342865.64
235 342206.33
236 341504.93
237 341504.93
238 341504.93
239 341244.37
240 340763.55
241 340763.55
242 340763.55
243 340506.06
244 340286.52
245 340006.50
246 340006.50
247 339903.47
248 339903.47
249 339606.37
250 339606.37
251 339606.37
252 339606.37
253 339532.46
254 339532.46
255 339073.65
256 339073.65
257 339073.65
258 338623.19
259 338623.19
260 338623.19
261 338623.19
262 338623.19
263 338623.19
264 338623.19
265 338491.68
266 337891.29
267 337765.22
268 337765.22
269 337685.04
270 337333.36
271 337333.36
272 337333.36
273 337333.36
274 337333.36
275 336993.56
276 336993.56
277 336993.56
278 336993.56
279 336993.56
280 336993.56
281 336993.56
282 336993.56
283 336718.88
284 336718.88
285 336653.90
286 336530.31
287 335925.03
288 335614.93
289 335280.88
290 335052.55
291 334665.06
292 334386.41
293 334386.41
294 334386.41
295 334386.41
296 334109.50
297 334109.50
298 334109.50
299 334109.50
300 334109.50
301 334013.95
302 334013.95
303 334013.95
304 334013.95
305 334013.95
306 333777.45
307 333500.81
308 332954.30
309 332954.30
310 332954.30
311 332596.20
312 332596.20
313 332536.01
314 332536.01
315 332189.71
316 332189.71
317 332189.71
318 332189.71
319 332189.71
320 332189.71
321 332189.71
322 331931.43
323 331518.91
324 330955.61
325 330498.51
326 329781.90
327 329651.29
328 329105.44
329 329075.69
330 329019.38
331 329019.38
332 329019.38
333 328874.56
334 328581.61
335 328106.19
336 328068.74
337 327694.79
338 327694.79
339 327694.79
340 327694.79
341 327580.86
342 327580.86
343 327580.86
344 327580.86
345 327580.86
346 327580.86
347 327477.97
348 327116.18
349 327116.18
350 327116.18
351 327116.18
352 326998.96
353 326866.16
354 326866.16
355 326866.16
356 326866.16
357 326689.87
358 326689.87
359 326689.87
360 326689.87
361 326689.87
362 326539.50
363 325989.65
364 325989.65
365 325775.50
366 325775.50
367 325775.50
368 325775.50
369 325775.50
370 325775.50
371 325657.58
372 325657.58
373 325657.58
374 325637.36
375 325502.17
376 325502.17
377 325502.17
378 325420.58
379 325165.65
380 325165.65
381 324952.00
382 324952.00
383 324952.00
384 324952.00
385 324952.00
386 324952.00
387 324952.00
388 324757.19
389 324211.27
390 324211.27
391 324211.27
392 324211.27
393 324211.27
394 324169.43
395 324169.43
396 323790.61
397 323790.61
398 323736.43
399 323677.68
400 323677.68
401 323383.94
402 323116.24
403 323116.24
404 322586.54
405 321718.32
406 321718.32
407 321433.95
408 321418.36
409 321299.85
410 321299.85
411 321255.66
412 321086.63
413 321086.63
414 321086.63
415 321086.63
416 321086.63
417 320577.13
418 320577.13
419 320577.13
420 320577.13
421 320577.13
422 320037.19
423 320037.19
424 320037.19
425 320037.19
426 320037.19
427 320037.19
428 319996.04
429 319996.04
430 319790.62
431 319790.62
432 319594.63
433 319594.63
434 319594.51
435 319195.93
436 319144.68
437 319144.68
438 319144.68
439 319144.68
440 319144.68
441 319144.68
442 318563.67
443 318563.67
444 318563.67
445 318563.67
446 318563.67
447 318563.67
448 318478.50
449 318478.50
450 318047.97
451 317789.11
452 317789.11
453 317789.11
454 317789.11
455 317789.11
456 317759.97
457 317759.97
458 316965.54
459 316965.54
460 316965.54
461 316965.54
462 316965.54
463 316646.56
464 316646.56
465 316646.56
466 315961.75
467 315073.27
468 315073.27
469 315073.27
470 314985.13
471 314985.13
472 314985.13
473 314550.54
474 314550.54
475 314153.82
476 313836.86
477 313702.60
478 313702.60
479 313702.60
480 313198.35
481 313198.35
482 312873.36
483 312873.36
484 312873.36
485 312873.36
486 312873.36
487 312873.36
488 312873.36
489 312873.36
490 312873.36
491 312125.18
492 311955.38
493 311955.38
494 311955.38
495 311668.86
496 311668.86
497 311668.86
498 311668.86
499 311668.86
500 311668.86
501 311616.29
502 311071.13
503 310805.28
504 310805.28
505 310585.02
506 310510.64
507 310454.27
508 310270.39
509 310270.39
510 310270.39
511 310270.39
512 310133.16
513 310133.16
514 309645.62
515 309645.62
516 309645.62
517 309229.67
518 309229.67
519 309092.58
520 309092.58
521 308642.60
522 308642.60
523 308312.69
524 308312.69
525 307838.62
526 307838.62
527 307764.90
528 307764.90
529 307764.90
530 307764.90
531 307764.90
532 307483.21
533 307483.21
534 307483.21
535 307483.21
536 307483.21
537 307483.21
538 307483.21
539 307483.21
540 307483.21
541 307483.21
542 307483.21
543 307411.21
544 307411.21
545 307411.21
546 307342.28
547 307174.99
548 307174.99
549 307174.99
550 306794.91
551 306794.91
552 306704.70
553 306380.64
554 306380.64
555 306380.64
556 305928.96
557 305928.96
558 305928.96
559 305928.96
560 305928.96
561 305928.96
562 305928.96
563 305928.96
564 305928.96
565 305825.69
566 305825.69
567 305266.06
568 305266.06
569 305266.06
570 305266.06
571 305266.06
572 305266.06
573 304913.81
574 304913.81
575 304913.81
576 304864.63
577 304864.63
578 304864.63
579 304215.06
580 303448.81
581 303448.81
582 303448.81
583 303448.81
584 303448.81
585 303448.81
586 303448.81
587 303448.81
588 303448.81
589 303448.81
590 303448.81
591 303448.81
592 303258.87
593 303258.87
594 303258.87
595 303258.87
596 302759.77
597 302665.47
598 302665.47
599 302665.47
600 302665.47
601 302321.63
602 302321.63
603 302321.63
604 302321.63
605 302321.63
606 302321.63
607 302321.63
608 302321.63
609 302321.63
610 301927.17
611 301927.17
612 301927.17
613 301927.17
614 301669.20
615 301444.37
616 301256.90
617 301256.90
618 301256.90
619 301256.90
620 301256.90
621 301112.67
622 301112.67
623 301112.67
624 301112.67
625 301112.67
626 301017.03
627 301017.03
628 301017.03
629 301017.03
630 300999.56
631 300999.56
632 300999.56
633 300515.24
634 300515.24
635 300328.53
636 300103.00
637 300103.00
638 300103.00
639 299777.33
640 299581.81
641 299550.13
642 299280.61
643 299280.61
644 299280.61
645 299105.87
646 299105.87
647 298741.87
648 298378.88
649 298127.43
650 298127.43
651 298036.17
652 298036.17
653 298036.17
654 298036.17
655 298036.17
656 298036.17
657 298036.17
658 298036.17
659 298036.17
660 298036.17
661 298036.17
662 298029.41
663 298029.41
664 298029.41
665 297954.88
666 297954.88
667 297954.88
668 297954.88
669 297729.85
670 297194.09
671 297194.09
672 297194.09
673 297069.43
674 297069.43
675 297069.43
676 297069.43
677 297069.43
678 296666.42
679 296662.57
680 296171.60
681 296171.60
682 296171.60
683 296095.66
684 296037.54
685 296037.54
686 295722.04
687 295658.28
688 295602.25
689 295602.25
690 295602.25
691 295602.25
692 295495.14
693 295495.14
694 295495.14
695 295283.89
696 295283.89
697 295283.89
698 295190.40
699 295190.40
700 295190.40
701 295190.40
702 295190.40
703 294996.52
704 294996.52
705 294697.77
706 294697.77
707 294697.77
708 294697.77
709 294697.77
710 294697.77
711 294697.77
712 294696.83
713 294696.83
714 294696.83
715 294219.71
716 294018.46
717 294018.46
718 294018.46
719 294018.46
720 294018.46
721 294018.46
722 294018.46
723 294018.46
724 293870.91
725 293870.91
726 293870.91
727 293635.50
728 293635.50
729 293635.50
730 293428.91
731 293398.98
732 293398.98
733 293398.98
734 293398.98
735 293398.98
736 293133.96
737 293133.96
738 293133.96
739 293133.96
740 293133.96
741 292860.20
742 292860.20
743 292860.20
744 292087.00
745 292087.00
746 292087.00
747 291737.03
748 291737.03
749 291737.03
750 291737.03
751 291737.03
752 291737.03
753 291737.03
754 291737.03
755 291737.03
756 291737.03
757 291560.16
758 291560.16
759 291560.16
760 291560.16
761 291560.16
762 291560.16
763 291560.16
764 291560.16
765 291127.29
766 291114.53
767 291114.53
768 291114.53
769 291114.53
770 291114.53
771 291114.53
772 291114.53
773 291114.53
774 291114.53
775 290908.66
776 290908.66
777 290763.13
778 290428.68
779 290241.17
780 290241.17
781 289759.56
782 289759.56
783 289759.56
784 289747.07
785 289747.07
786 289747.07
787 289390.10
788 289390.10
789 289390.10
790 289390.10
791 289390.10
792 289390.10
793 289390.10
794 289390.10
795 289390.10
796 289390.10
797 289390.10
798 289335.95
799 289335.95
800 289335.95
801 289195.51
802 288706.85
803 288706.85
804 288646.24
805 288646.24
806 288646.24
807 288539.74
808 288539.74
809 288539.74
810 288539.74
811 288539.74
812 288539.74
813 288442.59
814 288442.59
815 288442.59
816 288442.59
817 288395.48
818 288180.81
819 288180.81
820 288180.81
821 288180.81
822 287990.60
823 287990.60
824 287990.60
825 287990.60
826 287990.60
827 287990.60
828 287778.03
829 287778.03
830 287778.03
831 287647.99
832 287647.99
833 287647.99
834 287647.99
835 287647.99
836 287647.99
837 287599.94
838 287450.16
839 287450.16
840 287450.16
841 287450.16
842 287450.16
843 287450.16
844 287004.20
845 287004.20
846 287004.20
847 287004.20
848 287004.20
849 287004.20
850 287004.20
851 287004.20
852 286395.54
853 286395.54
854 286082.35
855 286082.35
856 286030.75
857 286030.75
858 285771.74
859 285771.74
860 285734.93
861 285388.01
862 285388.01
863 285388.01
864 285388.01
865 285388.01
866 285388.01
867 285388.01
868 285388.01
869 285263.26
870 285263.26
871 285263.26
872 285263.26
873 285263.26
874 285263.26
875 285254.20
876 285254.20
877 285254.20
878 285254.20
879 285254.20
880 285254.20
881 285254.20
882 285254.20
883 285254.20
884 285109.81
885 285109.81
886 285079.23
887 285079.23
888 284997.71
889 284948.32
890 284880.48
891 284880.48
892 284880.48
893 284880.48
894 284880.48
895 284880.48
896 284880.48
897 284453.05
898 284406.40
899 284406.40
900 284406.40
901 284406.40
902 284381.82
903 284381.82
904 284258.91
905 284258.91
906 284258.91
907 284258.91
908 284258.91
909 283914.95
910 283914.95
911 283914.95
912 283914.95
913 283914.95
914 283914.95
915 283839.40
916 283839.40
917 283839.40
918 283839.40
919 283839.40
920 283839.40
921 283770.25
922 283770.25
923 283770.25
924 283539.09
925 283539.09
926 283539.09
927 283539.09
928 283506.76
929 283352.87
930 283352.87
931 283352.87
932 283338.97
933 283338.97
934 283338.97
935 283338.97
936 283338.97
937 283317.17
938 283317.17
939 283317.17
940 283317.17
941 283317.17
942 283317.17
943 283317.17
944 283296.13
945 283296.13
946 283256.79
947 283256.79
948 283178.60
949 283178.60
950 282836.70
951 282836.70
952 282836.70
953 282836.70
954 282836.70
955 282788.61
956 282757.28
957 282396.19
958 282396.19
959 282396.19
960 282324.33
961 282324.33
962 282324.33
963 282199.37
964 282199.37
965 282199.37
966 282199.37
967 282199.37
968 282102.84
969 281515.16
970 281515.16
971 281515.16
972 281515.16
973 281420.36
974 280922.46
975 280398.43
976 280398.43
977 280344.75
978 280344.75
979 280344.75
980 279968.16
981 279968.16
982 279955.70
983 279007.22
984 278775.76
985 278775.76
986 278775.76
987 278775.76
988 278775.76
989 278203.04
990 278203.04
991 278203.04
992 278203.04
993 278203.04
994 278203.04
995 278203.04
996 277930.70
997 277930.70
998 277718.78
999 277718.78
1000 277718.78
1001 277718.78
1002 277718.78
1003 277718.78
1004 277718.78
1005 277587.78
1006 277587.78
1007 277587.78
1008 277184.68
1009 276980.95
1010 276980.95
1011 276980.95
1012 276980.95
1013 276980.95
1014 276980.95
1015 276980.95
1016 276980.95
1017 276980.95
1018 276980.95
1019 276980.95
1020 276980.95
1021 276980.95
1022 276822.87
1023 276799.28
1024 276799.28
1025 276799.28
1026 276799.28
1027 276799.28
1028 276799.28
1029 276799.28
1030 276799.28
1031 276684.83
1032 276198.12
1033 276127.11
1034 276127.11
1035 276127.11
1036 276127.11
1037 276127.11
1038 276127.11
1039 276127.11
1040 276127.11
1041 276127.11
1042 276127.11
1043 275883.70
1044 275883.70
1045 275716.96
1046 275448.91
1047 275448.91
1048 275448.91
1049 275448.91
1050 275448.91
1051 275326.42
1052 275326.42
1053 275326.42
1054 275047.07
1055 274950.60
1056 274950.60
1057 274950.60
1058 274783.29
1059 274720.92
1060 274720.92
1061 274183.29
1062 273990.86
1063 273990.86
1064 273990.86
1065 273990.86
1066 273990.86
1067 273949.03
1068 273610.61
1069 273610.61
1070 273375.33
1071 273375.33
1072 273375.33
1073 273375.33
1074 273375.33
1075 272959.99
1076 272959.99
1077 272959.99
1078 272959.99
1079 272855.41
1080 272855.41
1081 272177.87
1082 272177.87
1083 272177.87
1084 272177.87
1085 272177.87
1086 272177.87
1087 272177.87
1088 272177.87
1089 272177.87
1090 271707.10
1091 271707.10
1092 271214.91
1093 271214.91
1094 270153.06
1095 270153.06
1096 270153.06
1097 270153.06
1098 270153.06
1099 269789.75
1100 269414.17
1101 269414.17
1102 269355.96
1103 269355.96
1104 269355.96
1105 269355.96
1106 269355.96
1107 269355.96
1108 269218.66
1109 269218.66
1110 269218.66
1111 269032.48
1112 269032.48
1113 269032.48
1114 269032.48
1115 269032.48
1116 269032.48
1117 269032.48
1118 268895.68
1119 268895.68
1120 268895.68
1121 268625.20
1122 268625.20
1123 268625.20
1124 268625.20
1125 268557.97
1126 268557.97
1127 268557.97
1128 268102.09
1129 268102.09
1130 267515.21
1131 267078.55
1132 267078.55
1133 266733.91
1134 266733.91
1135 266207.89
1136 266207.89
1137 266207.89
1138 266207.89
1139 265927.62
1140 265927.62
1141 265927.62
1142 265927.62
1143 265927.62
1144 265927.62
1145 265864.88
1146 265640.56
1147 265640.56
1148 265640.56
1149 265640.56
1150 265640.56
1151 265640.56
1152 265560.38
1153 265451.75
1154 265122.52
1155 265122.52
1156 265122.52
1157 265020.71
1158 264385.38
1159 264385.38
1160 264385.38
1161 264385.38
1162 264385.38
1163 264385.38
1164 264239.26
1165 264239.26
1166 264239.26
1167 264239.26
1168 264239.26
1169 264239.26
1170 263769.33
1171 263606.60
1172 263606.60
1173 263606.60
1174 263606.60
1175 263606.60
1176 263606.60
1177 263606.60
1178 263606.60
1179 263606.60
1180 263606.60
1181 263606.60
1182 263606.60
1183 263606.60
1184 263606.60
1185 263423.89
1186 263423.89
1187 262722.31
1188 262722.31
1189 262722.31
1190 262553.95
1191 262450.05
1192 262157.40
1193 262157.40
1194 262157.40
1195 262157.40
1196 262157.40
1197 262157.40
1198 262157.40
1199 262157.40
1200 261645.86
1201 261439.29
1202 261439.29
1203 261439.29
1204 261439.29
1205 261439.29
1206 261439.29
1207 261439.29
1208 260887.21
1209 260887.21
1210 260887.21
1211 260887.21
1212 260719.67
1213 260719.67
1214 260513.88
1215 260513.88
1216 260513.88
1217 260513.88
1218 260513.88
1219 260300.71
1220 260300.71
1221 260300.71
1222 260300.71
1223 260300.71
1224 260255.15
1225 260255.15
1226 260255.15
1227 260035.05
1228 260035.05
1229 260035.05
1230 259654.49
1231 259654.49
1232 259654.49
1233 259654.49
1234 259654.49
1235 259654.49
1236 259422.31
1237 259422.31
1238 259422.31
1239 259422.31
1240 259422.31
1241 259422.31
1242 259422.31
1243 259422.31
1244 259422.31
1245 259422.31
1246 259422.31
1247 259422.31
1248 259422.31
1249 259422.31
1250 259422.31
1251 259422.31
1252 259422.31
1253 259422.31
1254 259422.31
1255 259422.31
1256 259422.31
1257 259422.31
1258 259422.31
1259 259422.31
1260 259017.72
1261 258913.46
1262 258616.63
1263 258616.63
1264 258616.63
1265 258616.63
1266 258616.63
1267 258616.63
1268 258616.63
1269 258471.54
1270 258097.36
1271 258097.36
1272 258097.36
1273 258097.36
1274 258097.36
1275 258011.71
1276 257990.54
1277 257990.54
1278 257945.51
1279 257908.16
1280 257281.34
1281 257281.34
1282 257049.24
1283 257049.24
1284 256530.67
1285 256530.67
1286 256530.67
1287 256530.67
1288 256530.67
1289 255941.27
1290 255941.27
1291 255941.27
1292 255941.27
1293 255941.27
1294 255787.63
1295 255787.63
1296 255752.07
1297 255712.76
1298 255502.70
1299 255486.91
1300 255486.91
1301 255481.81
1302 255481.81
1303 255389.85
1304 255389.85
1305 255389.85
1306 255389.85
1307 255389.85
1308 255389.85
1309 255389.85
1310 255315.03
1311 255315.03
1312 255315.03
1313 255315.03
1314 255315.03
1315 254560.61
1316 254298.69
1317 254298.69
1318 254298.69
1319 254298.69
1320 254298.69
1321 253862.32
1322 253845.98
1323 253845.98
1324 253820.58
1325 253709.95
1326 253524.09
1327 252854.63
1328 252854.63
1329 252854.63
1330 252854.63
1331 252854.63
1332 252854.63
1333 252854.63
1334 252854.63
1335 252854.63
1336 252512.41
1337 252416.18
1338 252416.18
1339 252416.18
1340 252416.18
1341 252416.18
1342 252416.18
1343 252416.18
1344 251955.22
1345 251730.98
1346 251628.71
1347 251628.71
1348 251628.71
1349 251628.71
1350 251628.71
1351 251628.71
1352 251628.71
1353 251413.20
1354 251299.44
1355 251291.91
1356 251272.67
1357 251272.67
1358 251272.67
1359 251272.67
1360 251272.67
1361 251272.67
1362 251226.49
1363 250774.12
1364 250592.49
1365 250592.49
1366 250592.49
1367 250592.49
1368 250592.49
1369 250268.68
1370 250268.68
1371 250268.68
1372 249920.36
1373 249920.36
1374 249920.36
1375 249920.36
1376 249920.36
1377 249888.05
1378 249745.30
1379 249745.30
1380 249565.47
1381 249565.47
1382 249565.47
1383 249565.47
1384 249565.47
1385 249565.47
1386 249565.47
1387 249565.47
1388 249565.47
1389 249565.47
1390 249565.47
1391 249565.47
1392 249565.47
1393 249103.85
1394 249103.85
1395 249103.85
1396 249103.85
1397 249103.85
1398 249103.85
1399 249103.85
1400 249103.85
1401 249103.43
1402 249103.43
1403 249103.43
1404 248951.50
1405 248798.50
1406 248798.50
1407 248798.50
1408 248798.50
1409 248798.50
1410 248798.50
1411 248798.50
1412 248247.49
1413 248247.49
1414 248247.49
1415 248247.49
1416 248247.49
1417 248247.49
1418 248247.49
1419 248247.49
1420 248247.49
1421 248247.49
1422 248247.49
1423 248247.49
1424 248247.49
1425 248247.49
1426 248247.49
1427 248122.68
1428 247835.09
1429 247753.29
1430 247697.64
1431 247697.64
1432 247697.64
1433 247697.64
1434 247697.64
1435 247605.66
1436 247605.66
1437 247605.66
1438 247605.66
1439 247605.66
1440 247605.66
1441 247605.66
1442 247605.66
1443 247605.66
1444 247605.66
1445 247605.66
1446 247605.66
1447 247605.66
1448 247605.66
1449 247605.66
1450 247553.58
1451 247553.58
1452 247553.58
1453 247345.27
1454 247345.27
1455 247345.27
1456 247345.27
1457 247345.27
1458 247194.14
1459 247188.26
1460 247188.26
1461 247188.26
1462 246677.47
1463 246544.11
1464 246544.11
1465 246392.88
1466 246392.88
1467 246392.88
1468 245769.75
1469 245769.75
1470 245769.75
1471 245769.75
1472 245769.75
1473 245769.75
1474 245681.76
1475 245681.76
1476 245474.33
1477 245432.79
1478 245432.79
1479 245432.79
1480 245432.79
1481 245432.79
1482 245432.79
1483 245432.79
1484 245025.10
1485 245025.10
1486 245025.10
1487 245025.10
1488 245016.56
1489 245016.56
1490 244342.50
1491 243952.16
1492 243431.99
1493 243431.99
1494 243431.99
1495 243397.62
1496 243397.62
1497 243397.62
1498 243397.62
1499 243397.62
1500 243397.62
1501 243217.69
1502 243217.69
1503 243093.03
1504 243093.03
1505 243093.03
1506 243093.03
1507 243093.03
1508 242958.48
1509 242958.48
1510 242958.48
1511 242958.48
1512 242958.48
1513 242958.48
1514 242958.48
1515 242958.48
1516 242958.48
1517 242821.77
1518 242821.77
1519 242785.06
1520 242785.06
1521 242125.14
1522 242125.14
1523 241803.04
1524 241803.04
1525 241382.40
1526 241382.40
1527 241382.40
1528 241382.40
1529 241382.40
1530 241382.40
1531 241382.40
1532 241382.40
1533 241382.40
1534 241382.40
1535 241382.40
1536 241382.40
1537 241382.40
1538 241382.40
1539 241382.40
1540 241382.40
1541 241094.15
1542 241094.15
1543 241094.15
1544 241094.15
1545 240950.82
1546 240950.82
1547 240950.82
1548 240950.82
1549 240552.30
1550 240552.30
1551 240552.30
1552 240353.84
1553 240353.84
1554 240353.84
1555 240353.84
1556 240353.84
1557 240250.26
1558 240111.55
1559 240111.55
1560 239990.51
1561 239990.51
1562 239990.51
1563 239990.51
1564 239979.39
1565 239979.39
1566 239979.39
1567 239979.39
1568 239965.24
1569 239965.24
1570 239965.24
1571 239965.24
1572 239965.24
1573 239965.24
1574 239965.24
1575 239685.84
1576 239594.52
1577 239594.52
1578 239594.52
1579 239594.52
1580 239594.52
1581 239594.52
1582 239594.52
1583 239594.52
1584 239594.52
1585 239171.77
1586 239171.77
1587 239171.77
1588 239155.88
1589 239155.88
1590 239155.88
1591 239155.88
1592 239116.77
1593 238918.36
1594 238918.36
1595 238918.36
1596 238733.02
1597 238733.02
1598 238627.61
1599 238464.62
1600 238464.62
1601 238464.62
1602 238464.62
1603 238464.62
1604 238464.62
1605 238464.62
1606 238464.62
1607 238464.62
1608 238140.02
1609 238136.82
1610 238136.82
1611 238109.13
1612 238109.13
1613 238109.13
1614 238109.13
1615 238109.13
1616 238109.13
1617 238109.13
1618 238109.13
1619 237983.90
1620 237983.90
1621 237747.12
1622 237747.12
1623 237696.72
1624 237696.72
1625 237533.92
1626 237533.92
1627 237533.92
1628 237533.92
1629 237533.92
1630 236947.02
1631 236947.02
1632 236947.02
1633 236940.13
1634 236940.13
1635 236940.13
1636 236940.13
1637 236940.13
1638 236940.13
1639 236940.13
1640 236940.13
1641 236940.13
1642 236940.13
1643 236358.07
1644 236358.07
1645 236358.07
1646 236316.75
1647 236119.92
1648 236119.92
1649 236119.92
1650 236119.92
1651 236119.92
1652 236119.92
1653 236110.04
1654 236110.04
1655 236110.04
1656 236110.04
1657 236110.04
1658 236110.04
1659 236110.04
1660 236110.04
1661 236110.04
1662 236110.04
1663 236110.04
1664 236029.78
1665 236029.78
1666 235910.63
1667 235910.63
1668 235860.03
1669 235860.03
1670 235860.03
1671 235759.61
1672 235759.61
1673 235759.61
1674 235759.61
1675 235759.61
1676 235759.61
1677 235759.61
1678 235530.11
1679 235530.11
1680 235530.11
1681 235530.11
1682 235530.11
1683 235390.63
1684 235223.72
1685 234856.35
1686 234856.35
1687 234856.35
1688 234856.35
1689 234474.36
1690 234379.21
1691 234379.21
1692 234379.21
1693 234379.21
1694 234379.21
1695 234379.21
1696 234379.21
1697 234379.21
1698 234379.21
1699 234379.21
1700 234379.21
1701 234379.21
1702 234357.55
1703 234357.55
1704 234021.80
1705 234007.43
1706 234007.43
1707 234007.43
1708 234007.43
1709 234007.43
1710 234007.43
1711 234007.43
1712 233892.11
1713 233845.72
1714 233845.72
1715 233845.72
1716 233845.72
1717 233845.72
1718 233845.72
1719 233845.72
1720 233845.72
1721 233845.72
1722 233845.72
1723 233721.95
1724 233721.95
1725 233721.95
1726 233721.95
1727 233713.32
1728 233713.32
1729 233713.32
1730 233713.32
1731 233713.32
1732 233633.57
1733 233633.57
1734 233597.26
1735 233092.17
1736 233092.17
1737 232936.86
1738 232551.57
1739 232551.57
1740 232551.57
1741 232551.57
1742 232427.02
1743 232187.40
1744 231923.28
1745 231923.28
1746 231741.10
1747 231740.24
1748 231740.24
1749 231740.24
1750 231740.24
1751 231740.24
1752 231740.24
1753 231740.24
1754 231740.24
1755 231297.07
1756 231033.14
1757 230732.70
1758 230691.86
1759 230491.13
1760 230491.13
1761 230491.13
1762 230491.13
1763 230491.13
1764 230491.13
1765 230314.51
1766 230314.51
1767 230314.51
1768 230314.51
1769 230314.51
1770 230314.51
1771 230314.51
1772 230314.51
1773 230314.51
1774 230284.81
1775 230284.81
1776 230284.81
1777 230284.81
1778 230284.81
1779 230284.81
1780 230284.81
1781 229795.84
1782 229795.84
1783 229795.84
1784 229524.34
1785 229524.34
1786 229524.34
1787 229524.34
1788 229424.46
1789 229424.46
1790 229424.46
1791 229268.29
1792 229268.29
1793 229188.45
1794 229188.45
1795 229089.00
1796 228856.81
1797 228856.81
1798 228856.81
1799 228856.81
1800 228856.81
1801 228856.81
1802 228856.81
1803 228856.81
1804 228856.81
1805 228785.34
1806 228785.34
1807 228785.34
1808 228785.34
1809 228785.34
1810 228785.34
1811 228785.34
1812 228785.34
1813 228785.34
1814 228785.34
1815 228693.26
1816 228693.26
1817 228693.26
1818 228677.57
1819 228654.89
1820 228184.98
1821 228184.98
1822 228184.98
1823 228184.98
1824 228184.98
1825 228184.98
1826 228061.86
1827 228061.86
1828 227979.67
1829 227979.67
1830 227979.67
1831 227979.67
1832 227979.67
1833 227979.67
1834 227816.56
1835 227816.56
1836 227816.56
1837 227816.56
1838 227816.56
1839 227816.56
1840 227816.56
1841 227571.30
1842 227571.30
1843 227571.30
1844 227147.53
1845 227147.53
1846 226939.32
1847 226939.32
1848 226939.32
1849 226939.32
1850 226939.32
1851 226939.32
1852 226497.73
1853 226497.73
1854 226497.73
1855 226253.63
1856 226253.63
1857 226253.63
1858 226253.63
1859 226253.63
1860 226253.63
1861 226253.63
1862 226253.63
1863 225912.71
1864 225912.71
1865 225912.71
1866 225912.71
1867 225912.71
1868 225912.71
1869 225912.71
1870 225912.71
1871 225912.71
1872 225912.71
1873 225912.71
1874 225912.71
1875 225912.71
1876 225912.71
1877 225912.71
1878 225530.99
1879 225530.99
1880 225530.99
1881 225530.99
1882 225530.99
1883 225530.99
1884 225530.99
1885 225530.99
1886 224828.65
1887 224828.65
1888 224710.01
1889 224710.01
1890 224710.01
1891 224710.01
1892 224710.01
1893 224572.22
1894 224412.11
1895 224095.65
1896 224004.12
1897 224004.12
1898 224004.12
1899 224004.12
1900 224004.12
1901 223917.43
1902 223592.55
1903 223592.55
1904 223583.95
1905 223583.95
1906 223583.95
1907 223583.95
1908 223583.95
1909 223579.97
1910 223579.97
1911 223579.97
1912 223579.97
1913 223320.19
1914 223320.19
1915 223320.19
1916 223096.14
1917 223096.14
1918 223096.14
1919 222897.66
1920 222834.07
1921 222834.07
1922 222714.23
1923 222714.23
1924 222714.23
1925 222405.75
1926 222405.75
1927 222370.58
1928 222370.58
1929 222370.58
1930 222370.58
1931 222265.59
1932 222265.59
1933 222265.59
1934 222265.59
1935 222265.59
1936 222265.59
1937 221917.74
1938 221917.74
1939 221917.74
1940 221917.74
1941 221628.04
1942 221628.04
1943 221628.04
1944 221628.04
1945 221628.04
1946 221517.77
1947 221517.77
1948 221517.77
1949 221517.77
1950 221517.77
1951 221517.77
1952 221517.77
1953 221485.75
1954 221485.75
1955 221485.75
1956 221485.75
1957 221485.75
1958 221267.30
1959 221163.59
1960 221163.59
1961 221163.59
1962 221163.59
1963 220953.31
1964 220953.31
1965 220953.31
1966 220953.31
1967 220953.31
1968 220953.31
1969 220953.31
1970 220953.31
1971 220953.31
1972 220832.32
1973 220832.32
1974 220775.03
1975 220775.03
1976 220775.03
1977 220775.03
1978 220775.03
1979 220775.03
1980 220775.03
1981 220637.93
1982 220637.93
1983 220637.93
1984 220637.93
1985 220637.93
1986 220637.93
1987 220637.93
1988 220637.93
1989 220512.33
1990 220512.33
1991 220482.72
1992 220286.77
1993 220286.77
1994 220286.77
1995 220286.77
1996 220286.77
1997 220286.77
1998 220286.77
1999 220286.77
2000 220286.77
2001 220286.77
2002 220286.77
2003 220286.77
2004 220286.77
2005 220286.77
2006 220286.77
2007 220286.77
2008 220286.77
2009 220286.77
2010 220165.54
2011 220165.54
2012 220165.54
2013 219708.34
2014 219708.34
2015 219600.59
2016 219363.99
2017 219363.99
2018 219363.99
2019 219363.99
2020 219363.99
2021 219307.35
2022 219139.08
2023 219139.08
2024 219041.64
2025 218953.14
2026 218953.14
2027 218953.14
2028 218773.91
2029 218115.21
2030 218115.21
2031 218115.21
2032 218115.21
2033 218115.21
2034 218115.21
2035 218072.06
2036 218072.06
2037 218072.06
2038 218072.06
2039 217895.46
2040 217895.46
2041 217895.46
2042 217689.88
2043 217232.12
2044 217232.12
2045 217232.12
2046 217232.12
2047 217232.12
2048 217232.12
2049 216877.53
2050 216877.53
2051 216877.53
2052 216877.53
2053 216877.53
2054 216877.53
2055 216877.53
2056 216877.53
2057 216877.53
2058 216877.53
2059 216877.53
2060 216877.53
2061 216877.53
2062 216877.53
2063 216877.53
2064 216877.53
2065 216877.53
2066 216877.53
2067 216798.79
2068 216798.79
2069 216798.79
2070 216798.79
2071 216798.79
2072 216798.79
2073 216798.79
2074 216798.79
2075 216798.79
2076 216798.79
2077 216798.79
2078 216798.79
2079 216734.00
2080 216734.00
2081 216734.00
2082 216734.00
2083 216734.00
2084 216734.00
2085 216734.00
2086 216734.00
2087 216556.60
2088 216556.60
2089 216556.60
2090 216373.17
2091 216373.17
2092 216373.17
2093 216373.17
2094 216014.35
2095 215966.42
2096 215966.42
2097 215966.42
2098 215966.42
2099 215966.42
2100 215966.42
2101 215966.42
2102 215701.53
2103 215701.53
2104 215701.53
2105 215701.53
2106 215701.53
2107 215701.53
2108 215595.28
2109 215493.81
2110 215493.81
2111 215493.81
2112 215493.81
2113 215493.81
2114 215493.81
2115 215493.81
2116 215493.81
2117 215493.81
2118 215493.81
2119 215380.22
2120 215288.30
2121 215288.30
2122 215288.30
2123 215223.19
2124 215223.19
2125 215223.19
2126 215103.37
2127 215103.37
2128 215103.37
2129 215103.37
2130 215103.37
2131 214883.26
2132 214883.26
2133 214883.26
2134 214883.26
2135 214554.00
2136 214554.00
2137 214554.00
2138 214554.00
2139 214554.00
2140 214270.90
2141 214270.90
2142 214270.90
2143 214270.90
2144 214270.90
2145 214270.90
2146 214270.90
2147 214270.90
2148 214270.90
2149 214270.90
2150 214270.90
2151 214270.90
2152 214270.90
2153 214270.90
2154 214270.90
2155 214270.90
2156 214270.90
2157 214270.90
2158 214270.90
2159 214270.90
2160 214270.90
2161 214270.90
2162 214270.90
2163 214270.90
2164 214270.90
2165 214270.90
2166 214197.05
2167 214197.05
2168 214197.05
2169 213953.48
2170 213953.48
2171 213725.08
2172 213334.90
2173 213150.06
2174 213150.06
2175 213150.06
2176 213150.06
2177 213150.06
2178 213150.06
2179 213150.06
2180 213150.06
2181 213150.06
2182 213150.06
2183 213150.06
2184 213150.06
2185 212803.03
2186 212803.03
2187 212803.03
2188 212803.03
2189 212803.03
2190 212803.03
2191 212505.05
2192 212342.01
2193 212342.01
2194 212081.44
2195 212081.44
2196 212081.44
2197 212081.44
2198 212042.34
2199 212042.34
2200 212042.34
2201 212042.34
2202 212042.34
2203 211845.77
2204 211775.02
2205 211775.02
2206 211775.02
2207 211775.02
2208 211775.02
2209 211775.02
2210 211775.02
2211 211775.02
2212 211775.02
2213 211775.02
2214 211775.02
2215 211775.02
2216 211775.02
2217 211775.02
2218 211775.02
2219 211775.02
2220 211775.02
2221 211775.02
2222 211658.52
2223 211658.52
2224 211658.52
2225 211658.52
2226 211658.52
2227 211571.76
2228 211571.76
2229 211571.76
2230 211531.06
2231 211531.06
2232 211531.06
2233 211531.06
2234 211531.06
2235 211531.06
2236 211458.17
2237 211458.17
2238 211458.17
2239 211458.17
2240 211103.96
2241 211103.96
2242 211103.96
2243 211089.41
2244 211089.41
2245 211017.17
2246 210864.46
2247 210864.46
2248 210854.43
2249 210854.43
2250 210456.69
2251 210456.69
2252 210456.69
2253 210456.69
2254 210456.69
2255 210391.32
2256 210391.32
2257 210391.32
2258 210391.32
2259 210391.32
2260 210391.32
2261 210391.32
2262 210391.32
2263 210391.32
2264 210240.03
2265 210240.03
2266 210240.03
2267 210240.03
2268 210240.03
2269 210240.03
2270 210240.03
2271 209897.85
2272 209897.85
2273 209897.85
2274 209530.08
2275 209530.08
2276 209530.08
2277 209530.08
2278 209358.20
2279 209358.20
2280 209358.20
2281 209358.20
2282 209358.20
2283 209358.20
2284 209358.20
2285 209358.20
2286 209358.20
2287 209358.20
2288 209358.20
2289 209184.92
2290 209075.23
2291 209075.23
2292 209075.23
2293 209075.23
2294 208857.31
2295 208857.31
2296 208857.31
2297 208809.68
2298 208809.68
2299 208809.68
2300 208809.68
2301 208809.68
2302 208809.68
2303 208809.68
2304 208809.68
2305 208809.68
2306 208809.68
2307 208535.97
2308 208435.70
2309 208435.70
2310 208435.70
2311 208435.70
2312 208245.88
2313 208245.88
2314 208245.88
2315 208245.88
2316 208245.88
2317 208199.77
2318 208199.77
2319 208199.77
2320 208199.77
2321 208199.77
2322 208199.77
2323 208199.77
2324 208199.77
2325 207372.02
2326 206949.73
2327 206949.73
2328 206949.73
2329 206907.10
2330 206907.10
2331 206907.10
2332 206907.10
2333 206907.10
2334 206907.10
2335 206772.06
2336 206772.06
2337 206772.06
2338 206732.06
2339 206639.60
2340 206639.60
2341 206639.60
2342 206639.60
2343 206587.89
2344 206476.14
2345 206476.14
2346 206476.14
2347 206476.14
2348 206444.36
2349 206444.36
2350 206444.36
2351 206216.27
2352 206216.27
2353 206216.27
2354 206216.27
2355 206216.27
2356 206216.27
2357 206216.27
2358 206216.27
2359 206216.27
2360 206216.27
2361 205962.31
2362 205962.31
2363 205962.31
2364 205962.31
2365 205962.31
2366 205577.10
2367 205577.10
2368 205577.10
2369 205577.10
2370 205577.10
2371 205577.10
2372 205577.10
2373 205577.10
2374 205577.10
2375 205577.10
2376 205577.10
2377 205577.10
2378 205395.05
2379 205395.05
2380 205395.05
2381 205395.05
2382 205395.05
2383 205395.05
2384 205395.05
2385 205395.05
2386 205395.05
2387 205395.05
2388 205395.05
2389 205342.84
2390 205342.84
2391 205342.84
2392 205099.05
2393 205099.05
2394 205099.05
2395 205099.05
2396 205099.05
2397 205099.05
2398 205099.05
2399 205017.49
2400 205017.49
2401 205017.49
2402 205017.49
2403 205017.49
2404 205017.49
2405 205017.49
2406 204744.88
2407 204744.88
2408 204744.88
2409 204744.88
2410 204744.88
2411 204744.88
2412 204596.71
2413 204477.31
2414 204477.31
2415 204477.31
2416 204477.31
2417 204477.31
2418 204477.31
2419 204477.31
2420 204405.14
2421 204405.14
2422 204405.14
2423 204405.14
2424 204405.14
2425 204405.14
2426 204405.14
2427 204135.51
2428 204135.51
2429 204135.51
2430 204135.51
2431 204135.51
2432 204135.51
2433 204135.51
2434 204135.51
2435 203886.21
2436 203886.21
2437 203886.21
2438 203886.21
2439 203886.21
2440 203886.21
2441 203886.21
2442 203886.21
2443 203886.21
2444 203708.54
2445 203708.54
2446 203708.54
2447 203708.54
2448 203708.54
2449 203708.54
2450 203708.54
2451 203708.54
2452 203708.54
2453 203708.54
2454 203665.21
2455 203665.21
2456 203665.21
2457 203665.21
2458 203487.71
2459 203487.71
2460 203487.71
2461 203399.01
2462 203379.38
2463 203379.38
2464 203379.38
2465 202764.39
2466 202487.56
2467 202487.56
2468 202487.56
2469 202487.56
2470 202487.56
2471 202487.56
2472 202487.56
2473 202455.31
2474 202455.31
2475 202366.45
2476 202366.45
2477 202366.45
2478 202366.45
2479 202259.45
2480 202259.45
2481 202259.45
2482 202259.45
2483 202207.32
2484 202207.32
2485 202207.32
2486 202207.32
2487 202207.32
2488 202035.50
2489 202035.50
2490 202035.50
2491 202035.50
2492 202035.50
2493 201988.96
2494 201988.96
2495 201988.96
2496 201988.96
2497 201988.96
2498 201980.20
2499 201980.20
2500 201898.85
2501 201898.85
2502 201898.85
2503 201898.85
2504 201898.85
2505 201898.85
2506 201898.85
2507 201898.85
2508 201605.69
2509 201605.69
2510 201497.61
2511 201488.34
2512 201413.55
2513 201413.55
2514 201413.55
2515 201413.55
2516 201413.55
2517 201413.55
2518 201413.55
2519 201413.55
2520 201413.55
2521 201413.55
2522 201180.38
2523 201180.38
2524 201180.38
2525 201180.38
2526 201180.38
2527 200674.48
2528 200674.48
2529 200674.48
2530 200486.99
2531 200486.99
2532 200486.99
2533 200486.99
2534 200486.99
2535 200486.99
2536 200486.99
2537 200486.99
2538 200486.99
2539 200486.99
2540 200273.06
2541 200273.06
2542 200273.06
2543 200268.48
2544 200268.48
2545 200068.16
2546 200068.16
2547 200068.16
2548 200068.16
2549 200068.16
2550 200068.16
2551 200068.16
2552 200068.16
2553 200068.16
2554 199942.38
2555 199942.38
2556 199713.01
2557 199713.01
2558 199713.01
2559 199713.01
2560 199713.01
2561 199713.01
2562 198835.89
2563 198835.89
2564 198835.89
2565 198835.89
2566 198835.89
2567 198699.47
2568 198699.47
2569 198510.27
2570 198510.27
2571 198510.27
2572 198510.27
2573 198510.27
2574 198510.27
2575 198510.27
2576 198510.27
2577 198510.27
2578 198510.27
2579 198510.27
2580 198510.27
2581 198510.27
2582 198510.27
2583 198510.27
2584 198510.27
2585 198510.27
2586 198510.27
2587 198510.27
2588 198510.27
2589 198375.26
2590 198375.26
2591 198375.26
2592 198375.26
2593 198375.26
2594 198375.26
2595 198375.26
2596 198375.26
2597 198375.26
2598 198117.95
2599 198117.95
2600 198004.85
2601 198004.85
2602 198004.85
2603 198004.85
2604 198004.85
2605 198004.85
2606 198004.85
2607 197902.07
2608 197902.07
2609 197902.07
2610 197902.07
2611 197902.07
2612 197902.07
2613 197902.07
2614 197902.07
2615 197822.26
2616 197822.26
2617 197822.26
2618 197822.26
2619 197822.26
2620 197822.26
2621 197822.26
2622 197822.26
2623 197610.29
2624 197610.29
2625 197610.29
2626 197610.29
2627 197610.29
2628 197610.29
2629 197610.29
2630 197610.29
2631 197610.29
2632 197535.50
2633 197535.50
2634 197535.50
2635 197500.64
2636 197398.00
2637 197398.00
2638 197398.00
2639 197398.00
2640 197398.00
2641 197398.00
2642 197261.17
2643 197135.12
2644 197135.12
2645 197135.12
2646 197135.12
2647 197135.12
2648 197135.12
2649 197135.12
2650 197135.12
2651 197135.12
2652 197135.12
2653 197135.12
2654 197135.12
2655 197135.12
2656 197095.34
2657 197095.34
2658 197095.34
2659 197095.34
2660 197095.34
2661 197095.34
2662 197095.34
2663 197095.34
2664 197095.34
2665 197095.34
2666 197095.34
2667 197095.34
2668 197095.34
2669 197095.34
2670 197095.34
2671 197095.34
2672 197095.34
2673 197095.34
2674 197095.34
2675 197095.34
2676 197095.34
2677 197095.34
2678 197095.34
2679 197095.34
2680 197095.34
2681 197095.34
2682 197095.34
2683 197095.34
2684 197036.63
2685 197036.63
2686 197036.63
2687 196719.99
2688 196719.99
2689 196719.99
2690 196719.99
2691 196719.99
2692 196719.99
2693 196719.99
2694 196719.99
2695 196719.99
2696 196719.99
2697 196719.99
2698 196614.78
2699 196614.78
2700 196614.78
2701 196389.57
2702 196389.57
2703 196389.57
2704 196389.57
2705 196389.57
2706 196389.57
2707 196326.55
2708 196326.55
2709 196326.55
2710 196326.55
2711 196326.55
2712 196326.55
2713 196243.93
2714 196243.93
2715 196243.93
2716 196208.70
2717 196208.70
2718 196208.70
2719 196208.70
2720 196208.70
2721 196208.70
2722 196208.70
2723 196208.70
2724 196208.70
2725 196208.70
2726 196169.17
2727 196169.17
2728 196169.17
2729 196169.17
2730 196169.17
2731 196169.17
2732 196169.17
2733 196169.17
2734 196151.81
2735 196151.81
2736 196151.81
2737 196151.81
2738 196096.64
2739 196096.64
2740 196096.64
2741 196096.64
2742 196096.64
2743 196096.64
2744 196022.35
2745 196022.35
2746 196022.35
2747 196022.35
2748 196022.35
2749 196022.35
2750 196022.35
2751 196022.35
2752 196022.35
2753 196022.35
2754 196022.35
2755 196022.35
2756 196022.35
2757 195887.39
2758 195804.87
2759 195804.87
2760 195621.18
2761 195432.37
2762 195432.37
2763 195432.37
2764 195432.37
2765 195199.76
2766 195199.76
2767 195171.63
2768 195171.63
2769 194995.09
2770 194834.94
2771 194834.94
2772 194834.94
2773 194834.94
2774 194834.94
2775 194834.94
2776 194595.54
2777 194595.54
2778 194595.54
2779 194595.54
2780 194595.54
2781 194578.59
2782 194578.59
2783 194578.59
2784 194578.59
2785 194578.59
2786 194539.21
2787 194250.93
2788 194250.93
2789 194250.93
2790 194130.22
2791 194130.22
2792 193812.63
2793 193812.63
2794 193812.63
2795 193812.63
2796 193812.63
2797 193622.30
2798 193622.30
2799 193622.30
2800 193622.30
2801 193622.30
2802 193585.83
2803 193585.83
2804 193585.83
2805 193585.83
2806 193585.83
2807 193585.83
2808 193585.83
2809 193585.83
2810 193585.83
2811 193585.83
2812 193585.83
2813 193585.83
2814 193585.83
2815 193585.83
2816 193585.83
2817 193585.83
2818 193230.38
2819 193090.00
2820 192884.45
2821 192880.32
2822 192828.87
2823 192828.87
2824 192828.87
2825 192721.73
2826 192721.73
2827 192721.73
2828 192721.73
2829 192452.53
2830 192452.53
2831 192452.53
2832 192452.53
2833 192452.53
2834 192452.53
2835 192383.97
2836 192383.97
2837 192383.97
2838 192333.96
2839 192333.96
2840 192333.96
2841 192333.96
2842 192333.96
2843 192333.96
2844 192186.25
2845 192132.14
2846 192084.48
2847 192084.48
2848 192084.48
2849 192084.48
2850 192084.48
2851 192084.48
2852 192084.48
2853 192084.48
2854 192084.48
2855 192084.48
2856 192084.48
2857 192084.48
2858 191859.50
2859 191859.50
2860 191859.50
2861 191859.50
2862 191859.50
2863 191859.50
2864 191859.50
2865 191859.50
2866 191859.50
2867 191715.83
2868 191715.83
2869 191715.83
2870 191715.83
2871 191715.83
2872 191715.83
2873 191715.83
2874 191589.55
2875 191589.55
2876 191589.55
2877 191368.38
2878 191368.38
2879 191240.16
2880 191240.16
2881 191240.16
2882 191240.16
2883 191240.16
2884 191240.16
2885 191240.16
2886 191240.16
2887 191179.76
2888 191040.97
2889 191040.97
2890 191040.97
2891 191040.97
2892 191040.97
2893 190995.59
2894 190995.59
2895 190995.59
2896 190995.59
2897 190995.59
2898 190995.59
2899 190995.59
2900 190995.59
2901 190995.59
2902 190995.59
2903 190995.59
2904 190995.59
2905 190995.59
2906 190995.59
2907 190995.59
2908 190853.78
2909 190853.78
2910 190672.56
2911 190672.56
2912 190672.56
2913 190672.56
2914 190672.56
2915 190672.56
2916 190620.29
2917 190620.29
2918 190620.29
2919 190620.29
2920 190620.29
2921 190620.29
2922 190587.06
2923 190587.06
2924 190587.06
2925 190565.11
2926 190565.11
2927 190565.11
2928 190565.11
2929 190565.11
2930 190565.11
2931 190563.90
2932 190563.90
2933 190563.90
2934 190563.90
2935 190563.90
2936 190535.83
2937 190535.83
2938 190535.83
2939 190535.83
2940 190535.83
2941 190535.83
2942 190535.83
2943 190535.83
2944 190535.83
2945 190535.83
2946 190375.09
2947 190375.09
2948 190375.09
2949 190375.09
2950 190375.09
2951 190375.09
2952 190375.09
2953 190375.09
2954 190375.09
2955 190091.70
2956 190044.77
2957 190044.77
2958 190041.18
2959 189857.12
2960 189857.12
2961 189857.12
2962 189857.12
2963 189857.12
2964 189857.12
2965 189857.12
2966 189857.12
2967 189857.12
2968 189857.12
2969 189857.12
2970 189857.12
2971 189835.40
2972 189835.40
2973 189835.40
2974 189835.40
2975 189835.40
2976 189366.65
2977 189366.65
2978 189366.65
2979 189366.65
2980 189366.65
2981 189366.65
2982 189366.65
2983 189366.65
2984 189366.65
2985 189366.65
2986 189366.65
2987 189366.65
2988 189366.65
2989 189366.65
2990 189301.77
2991 189301.77
2992 189301.77
2993 189159.01
2994 189159.01
2995 189159.01
2996 189159.01
2997 189159.01
2998 189159.01
2999 189159.01
3000 189159.01
3001 189159.01
3002 189159.01
3003 189043.08
3004 189043.08
3005 189043.08
3006 189043.08
3007 189043.08
3008 188971.84
3009 188971.84
3010 188971.84
3011 188971.84
3012 188971.84
3013 188971.84
3014 188924.36
3015 188924.36
3016 188847.91
3017 188847.91
3018 188847.91
3019 188847.91
3020 188847.91
3021 188591.16
3022 188460.96
3023 188395.35
3024 188395.35
3025 188395.35
3026 188395.35
3027 188395.35
3028 188333.10
3029 188333.10
3030 188333.10
3031 188333.10
3032 188333.10
3033 188333.10
3034 188333.10
3035 188263.98
3036 187787.34
3037 187787.34
3038 187787.34
3039 187787.34
3040 187787.34
3041 187787.34
3042 187787.34
3043 187733.98
3044 187733.98
3045 187733.98
3046 187733.98
3047 187733.98
3048 187733.98
3049 187733.98
3050 187733.98
3051 187733.98
3052 187681.94
3053 187681.94
3054 187681.94
3055 187681.94
3056 187681.94
3057 187543.43
3058 187543.43
3059 187543.43
3060 187278.80
3061 187278.80
3062 187278.80
3063 187278.80
3064 187247.13
3065 187247.13
3066 187247.13
3067 187247.13
3068 187247.13
3069 187247.13
3070 187247.13
3071 187017.61
3072 187017.61
3073 187017.61
3074 187017.61
3075 187017.61
3076 187017.61
3077 187017.61
3078 187014.01
3079 186685.53
3080 186685.53
3081 186685.53
3082 186394.59
3083 186394.59
3084 186394.59
3085 186394.59
3086 186394.59
3087 186394.59
3088 186394.59
3089 186394.59
3090 186003.14
3091 186003.14
3092 186003.14
3093 186003.14
3094 186003.14
3095 185990.51
3096 185607.86
3097 185607.86
3098 185607.86
3099 185607.86
3100 185607.86
3101 185607.86
3102 185607.86
3103 185607.86
3104 185607.86
3105 185607.86
3106 185607.86
3107 185607.86
3108 185607.86
3109 185607.86
3110 185607.86
3111 185607.86
3112 185607.86
3113 185607.86
3114 185607.86
3115 185607.86
3116 185607.86
3117 185530.72
3118 185530.72
3119 185530.72
3120 185530.72
3121 185530.72
3122 185530.72
3123 185530.72
3124 185530.72
3125 185528.06
3126 185133.87
3127 185133.87
3128 185133.87
3129 185133.87
3130 185133.87
3131 185133.87
3132 185133.87
3133 185133.87
3134 185018.33
3135 185018.33
3136 184910.37
3137 184910.37
3138 184910.37
3139 184910.37
3140 184910.37
3141 184910.37
3142 184910.37
3143 184910.37
3144 184832.59
3145 184832.59
3146 184832.59
3147 184832.59
3148 184832.59
3149 184832.59
3150 184531.32
3151 184531.32
3152 184531.32
3153 184531.32
3154 184531.32
3155 184531.32
3156 184531.32
3157 184531.32
3158 184274.87
3159 184274.87
3160 184274.87
3161 184274.87
3162 184274.87
3163 184274.87
3164 184274.87
3165 184274.87
3166 184274.87
3167 184274.87
3168 184274.87
3169 184274.87
3170 184274.87
3171 184274.87
3172 184274.87
3173 184274.87
3174 184274.87
3175 184274.87
3176 184274.87
3177 184026.54
3178 184026.54
3179 184026.54
3180 184026.54
3181 184026.54
3182 184026.54
3183 184001.53
3184 184001.53
3185 183832.21
3186 183832.21
3187 183832.21
3188 183832.21
3189 183832.21
3190 183832.21
3191 183589.63
3192 183435.96
3193 183435.96
3194 183435.96
3195 183435.96
3196 183435.96
3197 183435.96
3198 183435.96
3199 183435.96
3200 183435.96
3201 183435.96
3202 183435.96
3203 183435.96
3204 183435.96
3205 183435.96
3206 183435.96
3207 183331.08
3208 183331.08
3209 183331.08
3210 183331.08
3211 183320.35
3212 183320.35
3213 183320.35
3214 183320.35
3215 183320.35
3216 183320.35
3217 183278.92
3218 183278.92
3219 183278.92
3220 183278.92
3221 183278.92
3222 183075.24
3223 183075.24
3224 183075.24
3225 183075.24
3226 183075.24
3227 182883.06
3228 182883.06
3229 182883.06
3230 182883.06
3231 182883.06
3232 182883.06
3233 182883.06
3234 182808.90
3235 182808.90
3236 182808.90
3237 182623.63
3238 182372.00
3239 182193.50
3240 182193.50
3241 182193.50
3242 182193.50
3243 182193.50
3244 182193.50
3245 182193.50
3246 182193.50
3247 181988.96
3248 181988.96
3249 181988.96
3250 181988.96
3251 181988.96
3252 181970.06
3253 181970.06
3254 181736.94
3255 181736.94
3256 181736.94
3257 181736.94
3258 181476.25
3259 181476.25
3260 181476.25
3261 181476.25
3262 181476.25
3263 181476.25
3264 181476.25
3265 181476.25
3266 181476.25
3267 181476.25
3268 181447.66
3269 181447.66
3270 181447.66
3271 181447.66
3272 181240.56
3273 181240.56
3274 181240.56
3275 181240.56
3276 181240.56
3277 181240.56
3278 181127.03
3279 181106.87
3280 181106.87
3281 181106.87
3282 181106.87
3283 180883.98
3284 180883.98
3285 180883.98
3286 180883.98
3287 180883.98
3288 180883.98
3289 180883.98
3290 180883.98
3291 180883.98
3292 180883.98
3293 180883.98
3294 180883.98
3295 180883.98
3296 180883.98
3297 180883.98
3298 180883.98
3299 180883.98
3300 180883.98
3301 180883.98
3302 180883.98
3303 180883.98
3304 180883.98
3305 180883.98
3306 180883.98
3307 180883.98
3308 180883.98
3309 180883.98
3310 180883.98
3311 180883.98
3312 180883.98
3313 180571.10
3314 180490.94
3315 180370.10
3316 180149.32
3317 180149.32
3318 180149.32
3319 180149.32
3320 180149.32
3321 180149.32
3322 180149.32
3323 180149.32
3324 180149.32
3325 180149.32
3326 180149.32
3327 180149.32
3328 180149.32
3329 180149.32
3330 180022.21
3331 180022.21
3332 180022.21
3333 180022.21
3334 180022.21
3335 180022.21
3336 179997.63
3337 179997.63
3338 179997.63
3339 179997.63
3340 179997.63
3341 179997.63
3342 179997.63
3343 179997.63
3344 179997.63
3345 179997.63
3346 179997.63
3347 179997.63
3348 179997.63
3349 179966.97
3350 179966.97
3351 179966.97
3352 179966.97
3353 179966.97
3354 179966.97
3355 179966.97
3356 179966.97
3357 179966.97
3358 179966.97
3359 179966.97
3360 179800.33
3361 179800.33
3362 179800.33
3363 179800.33
3364 179800.33
3365 179800.33
3366 179723.77
3367 179681.50
3368 179681.50
3369 179681.50
3370 179681.50
3371 179681.50
3372 179681.50
3373 179681.50
3374 179681.50
3375 179634.88
3376 179574.44
3377 179574.44
3378 179574.44
3379 179574.44
3380 179574.44
3381 179574.44
3382 179574.44
3383 179498.01
3384 179498.01
3385 179498.01
3386 179498.01
3387 179156.17
3388 178799.98
3389 178799.98
3390 178799.98
3391 178799.98
3392 178799.98
3393 178799.98
3394 178799.98
3395 178737.13
3396 178737.13
3397 178737.13
3398 178737.13
3399 178737.13
3400 178338.89
3401 178338.89
3402 178338.89
3403 178338.89
3404 178338.89
3405 178338.89
3406 178338.89
3407 178338.89
3408 178338.89
3409 178338.89
3410 178001.19
3411 178001.19
3412 178001.19
3413 178001.19
3414 178001.19
3415 178001.19
3416 177698.39
3417 177697.71
3418 177697.71
3419 177697.71
3420 177697.71
3421 177611.15
3422 177611.15
3423 177611.15
3424 177611.15
3425 177545.72
3426 177332.56
3427 177332.56
3428 177332.56
3429 176962.14
3430 176962.14
3431 176904.21
3432 176904.21
3433 176904.21
3434 176712.54
3435 176712.54
3436 176712.54
3437 176712.54
3438 176655.59
3439 176535.37
3440 176447.24
3441 176330.76
3442 176330.76
3443 176330.76
3444 176330.76
3445 176330.76
3446 176330.76
3447 176330.76
3448 176330.76
3449 176296.47
3450 176296.47
3451 176296.47
3452 176296.47
3453 176296.47
3454 176296.47
3455 176296.47
3456 176149.37
3457 176149.37
3458 176149.37
3459 175968.84
3460 175968.84
3461 175968.84
3462 175968.84
3463 175968.84
3464 175968.84
3465 175968.84
3466 175968.84
3467 175968.84
3468 175968.84
3469 175968.84
3470 175968.84
3471 175968.84
3472 175968.84
3473 175968.84
3474 175968.84
3475 175968.84
3476 175968.84
3477 175968.84
3478 175837.26
3479 175837.26
3480 175837.26
3481 175837.26
3482 175837.26
3483 175837.26
3484 175837.26
3485 175837.26
3486 175677.79
3487 175677.79
3488 175677.79
3489 175677.79
3490 175677.79
3491 175464.03
3492 175464.03
3493 175464.03
3494 175464.03
3495 175464.03
3496 175464.03
3497 175464.03
3498 175464.03
3499 174828.14
3500 174828.14
3501 174532.98
3502 174532.98
3503 174244.20
3504 174244.20
3505 174244.20
3506 174244.20
3507 174244.20
3508 174244.20
3509 174244.20
3510 174244.20
3511 174062.49
3512 174062.49
3513 174062.49
3514 174062.49
3515 174062.49
3516 174062.49
3517 174062.49
3518 174062.49
3519 174062.49
3520 174062.49
3521 174062.49
3522 174062.49
3523 174062.49
3524 174062.49
3525 174062.49
3526 174062.49
3527 174062.49
3528 174062.49
3529 174062.49
3530 174062.49
3531 174062.49
3532 174062.49
3533 173904.63
3534 173892.78
3535 173892.78
3536 173892.78
3537 173892.78
3538 173892.78
3539 173892.78
3540 173892.78
3541 173892.78
3542 173892.78
3543 173847.10
3544 173847.10
3545 173847.10
3546 173847.10
3547 173847.10
3548 173847.10
3549 173847.10
3550 173508.99
3551 173508.99
3552 173402.80
3553 173402.80
3554 173387.37
3555 173387.37
3556 173387.37
3557 173387.37
3558 173387.37
3559 173387.37
3560 173369.95
3561 173369.95
3562 173369.95
3563 173369.95
3564 173251.05
3565 173251.05
3566 173251.05
3567 173251.05
3568 173251.05
3569 173251.05
3570 173251.05
3571 173251.05
3572 173212.03
3573 173212.03
3574 173212.03
3575 173148.34
3576 173122.07
3577 173122.07
3578 173122.07
3579 172646.87
3580 172646.87
3581 172646.87
3582 172646.87
3583 172646.87
3584 172384.09
3585 172304.07
3586 172304.07
3587 172304.07
3588 172304.07
3589 172304.07
3590 172304.07
3591 172304.07
3592 172304.07
3593 172304.07
3594 172224.89
3595 172224.89
3596 172224.89
3597 172224.89
3598 172081.24
3599 172081.24
3600 172081.24
3601 172081.24
3602 172081.24
3603 172081.24
3604 172081.24
3605 172081.24
3606 172069.86
3607 172069.86
3608 172069.86
3609 172069.86
3610 172069.86
3611 171882.70
3612 171882.70
3613 171882.70
3614 171882.70
3615 171882.70
3616 171882.70
3617 171882.70
3618 171882.70
3619 171882.70
3620 171843.50
3621 171843.50
3622 171843.50
3623 171843.50
3624 171743.54
3625 171743.54
3626 171743.54
3627 171743.54
3628 171743.54
3629 171743.54
3630 171743.54
3631 171743.54
3632 171743.54
3633 171743.54
3634 171743.54
3635 171743.54
3636 171743.54
3637 171743.54
3638 171628.84
3639 171628.84
3640 171451.81
3641 171451.81
3642 171451.81
3643 171451.81
3644 171419.04
3645 171419.04
3646 171419.04
3647 171419.04
3648 171419.04
3649 171314.87
3650 171314.87
3651 171253.37
3652 171253.37
3653 171253.37
3654 171253.37
3655 171253.37
3656 171253.37
3657 171253.37
3658 171253.37
3659 171253.37
3660 171253.37
3661 171253.37
3662 171253.37
3663 171253.37
3664 171253.37
3665 171253.37
3666 171133.91
3667 171133.91
3668 171133.91
3669 171133.91
3670 171047.54
3671 170529.83
3672 170529.83
3673 170529.83
3674 170529.83
3675 170529.83
3676 170529.83
3677 170529.83
3678 170529.83
3679 170529.83
3680 170529.83
3681 170507.17
3682 170507.17
3683 170507.17
3684 170240.28
3685 170240.28
3686 169967.96
3687 169967.96
3688 169967.96
3689 169967.96
3690 169967.96
3691 169967.96
3692 169967.96
3693 169967.96
3694 169967.96
3695 169967.96
3696 169967.96
3697 169967.96
3698 169967.96
3699 169967.96
3700 169967.96
3701 169967.96
3702 169967.96
3703 169658.62
3704 169197.38
3705 169197.38
3706 169197.38
3707 169197.38
3708 168750.95
3709 168750.95
3710 168750.95
3711 168750.95
3712 168750.95
3713 168750.95
3714 168750.95
3715 168750.95
3716 168750.95
3717 168750.95
3718 168750.95
3719 168750.95
3720 168750.95
3721 168750.95
3722 168750.95
3723 168750.95
3724 168750.95
3725 168750.95
3726 168750.95
3727 168750.95
3728 168750.95
3729 168750.95
3730 168750.95
3731 168750.95
3732 168750.95
3733 168750.95
3734 168750.95
3735 168750.95
3736 168609.49
3737 168609.49
3738 168609.49
3739 168609.49
3740 168609.49
3741 168609.49
3742 168609.49
3743 168442.85
3744 168442.85
3745 168442.85
3746 168442.85
3747 168294.94
3748 168294.94
3749 168131.49
3750 168131.49
3751 168131.49
3752 168131.49
3753 168105.12
3754 168105.12
3755 168105.12
3756 168105.12
3757 168105.12
3758 168009.77
3759 168009.77
3760 168009.77
3761 168009.77
3762 168009.77
3763 168009.77
3764 168009.77
3765 168009.77
3766 168009.77
3767 167901.39
3768 167845.61
3769 167845.61
3770 167845.61
3771 167845.61
3772 167845.61
3773 167845.61
3774 167845.61
3775 167845.61
3776 167845.61
3777 167845.61
3778 167845.61
3779 167845.61
3780 167795.15
3781 167795.15
3782 167795.15
3783 167795.15
3784 167795.15
3785 167795.15
3786 167795.15
3787 167795.15
3788 167795.15
3789 167795.15
3790 167633.31
3791 167633.31
3792 167633.31
3793 167633.31
3794 167633.31
3795 167633.31
3796 167633.31
3797 167633.31
3798 167633.31
3799 167597.20
3800 167597.20
3801 167597.20
3802 167597.20
3803 167506.80
3804 167506.80
3805 167506.80
3806 167506.80
3807 167385.35
3808 167385.35
3809 167385.35
3810 167385.35
3811 167385.35
3812 167385.35
3813 167207.15
3814 167207.15
3815 167207.15
3816 167207.15
3817 167207.15
3818 167207.15
3819 167207.15
3820 167207.15
3821 167063.33
3822 167063.33
3823 167063.33
3824 167063.33
3825 166960.38
3826 166798.78
3827 166798.78
3828 166798.78
3829 166798.78
3830 166798.78
3831 166798.78
3832 166798.78
3833 166798.78
3834 166798.78
3835 166798.78
3836 166798.78
3837 166798.78
3838 166798.78
3839 166616.54
3840 166616.54
3841 166616.54
3842 166616.54
3843 166616.54
3844 166616.54
3845 166616.54
3846 166616.54
3847 166616.54
3848 166616.54
3849 166616.54
3850 166616.54
3851 166512.46
3852 166512.46
3853 166512.46
3854 166512.46
3855 166512.46
3856 166462.89
3857 166462.89
3858 166462.89
3859 166462.89
3860 166462.89
3861 166462.89
3862 166462.89
3863 166462.89
3864 166462.89
3865 166462.89
3866 166462.89
3867 166462.89
3868 166462.89
3869 166462.89
3870 166462.89
3871 166363.50
3872 166363.50
3873 166363.50
3874 166363.50
3875 166268.88
3876 166268.88
3877 166268.88
3878 166268.88
3879 166268.88
3880 166268.88
3881 166268.88
3882 166268.88
3883 166236.42
3884 166236.42
3885 166236.42
3886 166162.67
3887 166162.67
3888 166162.67
3889 166162.67
3890 166162.67
3891 166162.67
3892 166162.67
3893 166162.67
3894 166162.67
3895 166162.67
3896 166162.67
3897 166162.67
3898 165887.43
3899 165887.43
3900 165887.43
3901 165887.43
3902 165887.43
3903 165887.43
3904 165887.43
3905 165887.43
3906 165887.43
3907 165887.43
3908 165887.43
3909 165887.43
3910 165853.81
3911 165853.81
3912 165853.81
3913 165853.81
3914 165853.81
3915 165853.81
3916 165853.81
3917 165853.81
3918 165853.81
3919 165853.81
3920 165439.16
3921 165439.16
3922 165341.39
3923 165341.39
3924 165341.39
3925 165341.39
3926 165341.39
3927 165341.39
3928 165341.39
3929 165341.39
3930 165341.39
3931 165341.39
3932 165341.39
3933 165341.39
3934 165341.39
3935 165341.39
3936 165246.42
3937 165246.42
3938 165078.53
3939 165078.53
3940 165078.53
3941 165078.53
3942 164972.49
3943 164972.49
3944 164972.49
3945 164972.49
3946 164972.49
3947 164972.49
3948 164972.49
3949 164972.49
3950 164834.58
3951 164834.58
3952 164834.58
3953 164834.58
3954 164834.58
3955 164834.58
3956 164834.58
3957 164834.58
3958 164834.58
3959 164834.58
3960 164834.58
3961 164834.58
3962 164834.58
3963 164834.58
3964 164834.58
3965 164834.58
3966 164834.58
3967 164730.69
3968 164730.69
3969 164730.69
3970 164730.69
3971 164730.69
3972 164691.43
3973 164691.43
3974 164594.73
3975 164594.73
3976 164594.73
3977 164594.73
3978 164594.73
3979 164594.73
3980 164594.73
3981 164594.73
3982 164549.19
3983 164304.12
3984 164304.12
3985 164304.12
3986 164304.12
3987 164304.12
3988 164304.12
3989 164304.12
3990 164304.12
3991 164304.12
3992 164304.12
3993 164304.12
3994 164304.12
3995 164304.12
3996 164190.80
3997 164190.80
3998 164190.80
3999 164190.80
4000 164190.80
4001 164190.80
4002 163980.66
4003 163980.66
4004 163980.66
4005 163980.66
4006 163980.66
4007 163910.91
4008 163910.91
4009 163910.91
4010 163910.91
4011 163910.91
4012 163910.91
4013 163910.91
4014 163910.91
4015 163910.91
4016 163910.91
4017 163910.91
4018 163910.91
4019 163910.91
4020 163910.91
4021 163900.33
4022 163900.33
4023 163900.33
4024 163895.09
4025 163895.09
4026 163895.09
4027 163895.09
4028 163641.91
4029 163641.91
4030 163641.91
4031 163641.91
4032 163641.91
4033 163641.91
4034 163632.70
4035 163632.70
4036 163632.70
4037 163632.70
4038 163404.95
4039 163404.95
4040 163404.95
4041 163404.95
4042 163404.95
4043 163404.95
4044 163404.95
4045 163404.95
4046 163246.28
4047 163192.29
4048 163192.29
4049 163192.29
4050 163192.29
4051 163192.29
4052 163073.93
4053 163073.93
4054 163073.93
4055 163073.93
4056 163018.94
4057 162892.91
4058 162892.91
4059 162892.91
4060 162892.91
4061 162892.91
4062 162892.91
4063 162773.71
4064 162766.22
4065 162406.53
4066 162406.53
4067 162406.53
4068 162406.53
4069 162406.53
4070 162406.53
4071 162213.43
4072 162213.43
4073 161813.33
4074 161813.33
4075 161562.38
4076 161562.38
4077 161562.38
4078 161562.38
4079 161559.68
4080 161559.68
4081 161559.68
4082 161559.68
4083 161559.68
4084 161559.68
4085 161417.83
4086 161417.83
4087 161417.83
4088 161356.43
4089 161356.43
4090 161356.43
4091 161356.43
4092 161351.24
4093 161351.24
4094 161351.24
4095 161351.24
4096 161351.24
4097 161351.24
4098 161351.24
4099 161351.24
4100 161351.24
4101 161351.24
4102 161240.57
4103 161146.50
4104 161146.50
4105 161146.50
4106 161146.50
4107 161146.50
4108 161146.50
4109 161146.50
4110 161146.50
4111 161146.50
4112 161146.50
4113 160948.58
4114 160948.58
4115 160948.58
4116 160948.58
4117 160948.58
4118 160948.58
4119 160948.58
4120 160948.58
4121 160948.58
4122 160948.58
4123 160948.58
4124 160948.58
4125 160766.69
4126 160766.69
4127 160766.69
4128 160766.69
4129 160766.69
4130 160766.69
4131 160766.69
4132 160766.69
4133 160766.69
4134 160766.69
4135 160734.43
4136 160734.43
4137 160734.43
4138 160734.43
4139 160734.43
4140 160734.43
4141 160734.43
4142 160734.43
4143 160734.43
4144 160717.33
4145 160717.33
4146 160717.33
4147 160717.33
4148 160717.33
4149 160717.33
4150 160717.33
4151 160682.63
4152 160682.63
4153 160682.63
4154 160682.63
4155 160141.19
4156 160127.98
4157 160127.98
4158 160127.98
4159 160127.98
4160 160127.98
4161 159946.53
4162 159946.53
4163 159946.53
4164 159946.53
4165 159479.91
4166 159479.91
4167 159291.40
4168 159291.40
4169 159291.40
4170 159291.40
4171 159291.40
4172 159291.40
4173 159291.40
4174 159291.40
4175 159261.30
4176 159261.30
4177 159261.30
4178 159261.30
4179 159261.30
4180 159261.30
4181 159261.30
4182 159261.30
4183 159261.30
4184 159261.30
4185 159261.30
4186 159261.30
4187 159261.30
4188 159261.30
4189 159261.30
4190 159261.30
4191 159261.30
4192 159261.30
4193 159261.30
4194 159261.30
4195 159261.30
4196 159261.30
4197 159261.30
4198 159261.30
4199 159261.30
4200 159261.30
4201 159261.30
4202 159261.30
4203 159164.11
4204 159164.11
4205 159164.11
4206 159164.11
4207 159164.11
4208 159164.11
4209 159164.11
4210 159164.11
4211 159164.11
4212 159164.11
4213 159164.11
4214 159164.11
4215 159080.64
4216 158942.01
4217 158942.01
4218 158942.01
4219 158942.01
4220 158942.01
4221 158942.01
4222 158942.01
4223 158942.01
4224 158942.01
4225 158942.01
4226 158915.52
4227 158890.70
4228 158890.70
4229 158890.70
4230 158890.70
4231 158890.70
4232 158890.70
4233 158890.70
4234 158890.70
4235 158713.11
4236 158713.11
4237 158664.16
4238 158664.16
4239 158664.16
4240 158664.16
4241 158664.16
4242 158664.16
4243 158664.16
4244 158664.16
4245 158664.16
4246 158664.16
4247 158664.16
4248 158664.16
4249 158503.30
4250 158503.30
4251 158503.30
4252 158503.30
4253 158439.74
4254 158439.74
4255 158439.74
4256 158424.30
4257 158424.30
4258 158236.88
4259 158236.88
4260 158236.88
4261 158236.88
4262 158236.88
4263 158236.88
4264 158138.13
4265 158138.13
4266 158138.13
4267 158138.13
4268 157982.56
4269 157982.56
4270 157982.56
4271 157982.56
4272 157982.56
4273 157982.56
4274 157566.93
4275 157566.93
4276 157566.93
4277 157467.84
4278 157467.84
4279 157314.90
4280 157314.90
4281 157313.66
4282 157313.66
4283 157313.66
4284 157313.66
4285 157313.66
4286 157313.66
4287 157313.66
4288 157313.66
4289 157313.66
4290 157313.66
4291 157313.66
4292 157313.66
4293 157313.66
4294 157313.66
4295 157313.66
4296 157313.66
4297 157313.66
4298 157313.66
4299 157313.66
4300 157313.66
4301 157313.66
4302 157313.66
4303 157252.48
4304 157252.48
4305 157252.48
4306 157252.48
4307 157252.48
4308 157252.48
4309 157252.48
4310 157217.40
4311 157217.40
4312 157217.40
4313 157217.40
4314 157217.40
4315 157217.40
4316 157217.40
4317 157217.40
4318 157217.40
4319 157217.40
4320 157217.40
4321 157217.40
4322 157217.40
4323 157217.40
4324 157217.40
4325 157217.40
4326 157217.40
4327 157217.40
4328 157217.40
4329 157217.40
4330 157127.38
4331 157127.38
4332 157127.38
4333 157127.38
4334 157127.38
4335 157127.38
4336 157127.38
4337 157127.38
4338 157127.38
4339 157068.33
4340 157068.33
4341 157068.33
4342 157068.33
4343 156927.99
4344 156635.12
4345 156635.12
4346 156635.12
4347 156635.12
4348 156635.12
4349 156635.12
4350 156635.12
4351 156594.32
4352 156594.32
4353 156594.32
4354 156594.32
4355 156594.32
4356 156594.32
4357 156594.32
4358 156594.32
4359 156578.81
4360 156578.81
4361 156578.81
4362 156578.81
4363 156578.81
4364 156578.81
4365 156578.81
4366 156578.81
4367 156578.81
4368 156556.43
4369 156473.95
4370 156473.95
4371 156473.95
4372 156473.95
4373 156434.00
4374 156434.00
4375 156434.00
4376 156192.74
4377 156047.46
4378 156047.46
4379 156047.46
4380 156047.46
4381 156047.46
4382 155967.37
4383 155590.76
4384 155590.76
4385 155590.76
4386 155590.76
4387 155590.76
4388 155590.76
4389 155590.76
4390 155590.76
4391 155281.49
4392 155281.49
4393 155281.49
4394 155281.49
4395 155281.49
4396 155263.28
4397 155263.28
4398 155263.28
4399 155263.28
4400 155263.28
4401 155263.28
4402 155263.28
4403 155263.28
4404 155263.28
4405 155263.28
4406 155133.28
4407 155133.28
4408 155133.28
4409 155133.28
4410 155133.28
4411 155133.28
4412 155133.28
4413 155133.28
4414 155133.28
4415 155133.28
4416 155133.28
4417 155133.28
4418 155133.28
4419 155133.28
4420 155133.28
4421 155133.28
4422 155133.28
4423 155133.28
4424 155133.28
4425 155133.28
4426 155133.28
4427 155133.28
4428 155133.28
4429 155133.28
4430 155133.28
4431 155133.28
4432 155133.28
4433 155133.28
4434 155133.28
4435 155133.28
4436 155133.28
4437 154897.44
4438 154541.80
4439 154541.80
4440 154541.80
4441 154340.17
4442 154340.17
4443 154340.17
4444 154340.17
4445 154340.17
4446 154340.17
4447 154340.17
4448 154340.17
4449 154340.17
4450 154340.17
4451 154340.17
4452 154340.17
4453 154340.17
4454 154340.17
4455 154340.17
4456 154340.17
4457 154340.17
4458 154340.17
4459 154340.17
4460 154340.17
4461 154340.17
4462 154340.17
4463 154340.17
4464 154340.17
4465 154340.17
4466 154340.17
4467 154340.17
4468 154340.17
4469 154340.17
4470 154340.17
4471 154340.17
4472 154284.94
4473 154284.94
4474 154139.43
4475 154075.24
4476 154075.24
4477 154075.24
4478 154075.24
4479 154075.24
4480 154075.24
4481 154075.24
4482 153959.95
4483 153959.95
4484 153959.95
4485 153959.95
4486 153959.95
4487 153959.95
4488 153959.95
4489 153959.95
4490 153959.95
4491 153959.95
4492 153959.95
4493 153959.95
4494 153774.43
4495 153774.43
4496 153774.43
4497 153774.43
4498 153774.43
4499 153774.43
4500 153774.43
4501 153774.43
4502 153774.43
4503 153774.43
4504 153774.43
4505 153774.43
4506 153774.43
4507 153774.43
4508 153773.95
4509 153773.95
4510 153773.95
4511 153773.95
4512 153773.95
4513 153773.95
4514 153773.95
4515 153773.95
4516 153773.95
4517 153773.95
4518 153773.95
4519 153773.95
4520 153773.95
4521 153544.61
4522 153544.61
4523 153544.61
4524 153395.48
4525 153395.48
4526 153009.51
4527 153009.51
4528 153009.51
4529 153009.51
4530 153009.51
4531 153009.51
4532 153009.51
4533 153009.51
4534 153009.51
4535 153009.51
4536 153009.51
4537 153009.51
4538 153009.51
4539 153009.51
4540 153009.51
4541 153009.51
4542 153009.51
4543 153009.51
4544 152883.15
4545 152883.15
4546 152883.15
4547 152883.15
4548 152883.15
4549 152883.15
4550 152883.15
4551 152883.15
4552 152883.15
4553 152883.15
4554 152883.15
4555 152883.15
4556 152883.15
4557 152864.35
4558 152864.35
4559 152864.35
4560 152864.35
4561 152864.35
4562 152864.35
4563 152864.35
4564 152864.35
4565 152864.35
4566 152864.35
4567 152796.11
4568 152730.05
4569 152730.05
4570 152730.05
4571 152730.05
4572 152730.05
4573 152730.05
4574 152730.05
4575 152730.05
4576 152730.05
4577 152730.05
4578 152271.01
4579 152271.01
4580 152271.01
4581 152271.01
4582 152271.01
4583 152271.01
4584 152124.12
4585 152124.12
4586 152124.12
4587 152018.01
4588 151951.00
4589 151863.25
4590 151863.25
4591 151863.25
4592 151863.25
4593 151800.44
4594 151800.44
4595 151800.44
4596 151800.44
4597 151800.44
4598 151800.44
4599 151800.44
4600 151800.44
4601 151800.44
4602 151800.44
4603 151800.44
4604 151800.44
4605 151800.44
4606 151800.44
4607 151800.44
4608 151800.44
4609 151800.44
4610 151800.44
4611 151800.44
4612 151800.44
4613 151725.84
4614 151725.84
4615 151725.84
4616 151725.84
4617 151725.84
4618 151725.84
4619 151725.84
4620 151725.84
4621 151725.84
4622 151654.63
4623 151654.63
4624 151654.63
4625 151654.63
4626 151654.63
4627 151654.63
4628 151654.63
4629 151654.63
4630 151654.63
4631 151654.63
4632 151654.63
4633 151654.63
4634 151654.63
4635 151654.63
4636 151654.63
4637 151654.63
4638 151612.25
4639 151513.59
4640 151513.59
4641 151511.86
4642 151511.86
4643 151506.46
4644 151506.46
4645 151506.46
4646 151506.46
4647 151506.46
4648 151352.52
4649 151352.52
4650 151352.52
4651 151352.52
4652 151352.52
4653 151352.52
4654 151352.52
4655 151090.13
4656 151090.13
4657 151090.13
4658 151090.13
4659 151090.13
4660 151090.13
4661 151090.13
4662 151090.13
4663 151090.13
4664 151057.63
4665 151057.63
4666 151057.63
4667 151057.63
4668 151057.63
4669 151057.63
4670 151057.63
4671 151057.63
4672 151057.63
4673 151057.63
4674 151057.63
4675 151057.63
4676 151057.63
4677 151057.63
4678 151057.63
4679 151057.63
4680 151057.63
4681 151057.63
4682 151057.63
4683 151057.63
4684 150994.17
4685 150994.17
4686 150994.17
4687 150994.17
4688 150994.17
4689 150994.17
4690 150994.17
4691 150967.97
4692 150967.97
4693 150967.97
4694 150967.97
4695 150967.97
4696 150967.97
4697 150967.97
4698 150967.97
4699 150967.97
4700 150967.97
4701 150967.97
4702 150967.97
4703 150967.97
4704 150967.97
4705 150967.97
4706 150670.15
4707 150670.15
4708 150619.36
4709 150619.36
4710 150619.36
4711 150619.36
4712 150619.36
4713 150619.36
4714 150619.36
4715 150619.36
4716 150456.50
4717 150456.50
4718 150401.96
4719 150401.96
4720 150401.96
4721 150401.96
4722 150330.34
4723 150024.49
4724 150024.49
4725 150024.49
4726 150024.49
4727 150024.49
4728 150024.49
4729 150024.49
4730 150024.49
4731 150024.49
4732 150024.49
4733 150024.49
4734 150024.49
4735 150024.49
4736 150024.49
4737 150024.49
4738 149745.25
4739 149745.25
4740 149745.25
4741 149745.25
4742 149745.25
4743 149745.25
4744 149745.25
4745 149745.25
4746 149745.25
4747 149745.25
4748 149745.25
4749 149745.25
4750 149745.25
4751 149745.25
4752 149573.86
4753 149573.86
4754 149573.86
4755 149448.58
4756 149448.58
4757 149435.19
4758 149435.19
4759 149435.19
4760 149435.19
4761 149435.19
4762 149435.19
4763 149435.19
4764 149435.19
4765 149435.19
4766 149435.19
4767 149435.19
4768 149435.19
4769 149290.67
4770 149290.67
4771 149290.67
4772 149290.67
4773 149290.67
4774 149290.67
4775 149290.67
4776 149174.49
4777 149174.49
4778 149075.46
4779 149075.46
4780 149075.46
4781 149075.46
4782 149075.46
4783 148909.08
4784 148909.08
4785 148909.08
4786 148909.08
4787 148909.08
4788 148909.08
4789 148902.77
4790 148902.77
4791 148712.30
4792 148712.30
4793 148712.30
4794 148712.30
4795 148712.30
4796 148712.30
4797 148712.30
4798 148712.30
4799 148712.30
4800 148712.30
4801 148712.30
4802 148695.81
4803 148695.81
4804 148695.81
4805 148695.81
4806 148695.81
4807 148695.81
4808 148695.81
4809 148695.81
4810 148695.81
4811 148461.66
4812 148461.66
4813 148461.66
4814 148461.66
4815 148461.66
4816 148461.66
4817 148461.66
4818 148461.66
4819 148461.66
4820 148461.66
4821 148461.66
4822 148461.66
4823 148461.66
4824 148461.66
4825 148461.66
4826 148375.65
4827 148375.65
4828 148028.99
4829 147731.10
4830 147731.10
4831 147422.07
4832 147422.07
4833 147422.07
4834 147379.60
4835 147379.60
4836 147379.60
4837 147379.60
4838 147379.60
4839 147379.60
4840 147379.60
4841 147379.60
4842 147379.60
4843 147379.60
4844 147379.60
4845 147379.60
4846 147379.60
4847 147379.60
4848 147379.60
4849 146985.59
4850 146985.59
4851 146976.31
4852 146976.31
4853 146976.31
4854 146976.31
4855 146976.31
4856 146976.31
4857 146976.31
4858 146976.31
4859 146976.31
4860 146976.31
4861 146976.31
4862 146976.31
4863 146976.31
4864 146672.70
4865 146672.70
4866 146672.70
4867 146645.90
4868 146645.90
4869 146645.90
4870 146645.90
4871 146645.90
4872 146645.90
4873 146645.90
4874 146645.90
4875 146453.56
4876 146453.56
4877 146182.98
4878 146182.98
4879 146182.98
4880 146182.98
4881 146182.98
4882 146182.98
4883 146182.98
4884 146182.98
4885 146182.98
4886 146182.98
4887 146182.98
4888 146058.78
4889 146058.78
4890 146058.78
4891 146058.78
4892 146058.78
4893 146058.78
4894 146058.78
4895 146058.78
4896 146058.78
4897 146058.78
4898 146058.78
4899 146058.78
4900 146058.78
4901 146058.78
4902 146058.78
4903 146015.85
4904 146015.85
4905 146015.85
4906 146015.85
4907 146015.85
4908 145887.13
4909 145887.13
4910 145887.13
4911 145887.13
4912 145887.13
4913 145887.13
4914 145887.13
4915 145887.13
4916 145887.13
4917 145769.83
4918 145769.83
4919 145769.83
4920 145769.83
4921 145691.74
4922 145691.74
4923 145691.74
4924 145691.74
4925 145691.74
4926 145691.74
4927 145691.74
4928 145691.74
4929 145691.74
4930 145691.74
4931 145691.74
4932 145691.74
4933 145691.74
4934 145492.37
4935 145492.37
4936 145492.37
4937 145492.37
4938 145492.37
4939 145465.66
4940 145465.66
4941 145415.30
4942 145276.55
4943 145206.96
4944 145101.48
4945 145101.48
4946 145101.48
4947 144999.21
4948 144999.21
4949 144999.21
4950 144999.21
4951 144999.21
4952 144999.21
4953 144999.21
4954 144784.06
4955 144784.06
4956 144784.06
4957 144784.06
4958 144784.06
4959 144784.06
4960 144784.06
4961 144784.06
4962 144784.06
4963 144784.06
4964 144784.06
4965 144784.06
4966 144784.06
4967 144784.06
4968 144784.06
4969 144784.06
4970 144784.06
4971 144784.06
4972 144784.06
4973 144784.06
4974 144784.06
4975 144784.06
4976 144784.06
4977 144784.06
4978 144654.63
4979 144654.63
4980 144654.63
4981 144654.63
4982 144654.63
4983 144654.63
4984 144641.72
4985 144572.24
4986 144572.24
4987 144572.24
4988 144572.24
4989 144572.24
4990 144572.24
4991 144572.24
4992 144506.11
4993 144506.11
4994 144506.11
4995 144481.10
4996 144481.10
4997 144481.10
4998 144481.10
4999 144481.10
