362 926
849 525
943 315
317 481
486 956
961 894
45 854
25 747
673 265
438 193
96 848
184 147
260 822
344 898
674 307
2 484
680 10
799 955
537 609
184 354
859 409
473 965
160 230
158 729
62 587
419 647
470 511
670 630
854 887
868 26
751 925
63 893
512 279
858 563
323 405
174 616
267 917
874 603
984 360
279 208
602 612
333 514
792 541
13 656
823 695
26 446
460 434
542 54
11 738
96 394
615 836
177 334
411 225
380 1000
324 64
509 3
692 60
937 282
939 74
936 337
989 588
654 408
953 792
91 235
778 213
686 109
292 692
104 291
612 417
435 393
550 665
281 762
471 24
19 334
175 536
188 93
937 987
802 715
805 136
761 902
99 174
647 282
438 616
121 789
346 269
847 578
227 642
237 48
960 838
249 670
460 474
67 669
521 351
393 668
238 453
340 466
54 270
237 565
662 669
747 23
340 979
350 561
498 114
229 975
663 89
633 181
524 92
70 201
190 531
868 950
147 856
526 321
639 857
91 382
295 276
120 207
692 706
192 317
403 776
599 559
343 688
397 568
334 302
948 278
712 199
861 568
572 899
694 403
32 410
526 786
565 170
38 267
966 141
243 245
9 540
422 731
394 779
266 347
706 587
960 298
320 926
2 498
641 52
76 944
582 483
81 633
817 949
837 0
801 877
532 494
565 366
995 317
802 134
893 884
96 212
600 884
282 611
831 31
10 715
439 956
872 286
449 983
859 561
576 963
808 663
609 887
221 683
972 743
325 53
442 112
332 172
245 680
862 738
483 472
873 149
829 532
838 946
283 319
909 308
299 817
740 84
553 128
682 320
156 763
46 541
342 77
510 599
33 288
126 269
823 354
181 304
905 613
530 510
292 417
788 40
954 170
473 645
535 157
766 636
572 641
736 202
625 758
817 222
122 492
785 558
181 1000
701 827
930 497
115 959
321 216
566 977
9 448
429 516
903 760
778 341
903 57
531 971
485 939
254 919
980 682
914 416
829 404
306 83
375 621
552 321
652 227
70 946
642 229
877 885
560 980
68 101
99 254
373 647
908 289
385 448
339 745
352 881
6 991
967 537
865 257
132 295
482 36
968 324
764 437
761 258
113 825
980 966
229 167
520 639
760 180
29 725
724 797
584 967
580 530
304 603
523 458
981 1000
463 564
9 441
239 934
675 245
754 663
466 665
958 868
989 502
753 880
851 421
445 25
974 747
194 437
464 645
655 966
989 250
283 501
268 111
246 184
172 568
28 171
813 315
692 10
527 566
169 383
751 538
11 545
18 854
358 827
868 974
852 255
778 18
344 311
815 135
460 488
206 898
596 285
796 1
210 746
189 291
456 238
507 536
301 550
609 264
237 153
197 268
570 554
986 765
835 994
125 349
141 795
965 49
921 985
606 846
633 668
788 112
271 286
17 484
205 9
963 214
582 341
583 613
481 117
313 934
359 719
229 631
555 952
285 42
217 146
619 786
917 80
856 82
860 713
797 757
930 334
650 331
112 283
792 127
912 98
760 207
609 65
21 649
849 963
948 799
144 16
161 562
223 900
340 166
607 540
936 501
929 789
223 151
288 959
981 368
522 381
186 812
745 99
472 917
558 140
419 534
101 645
634 558
754 803
600 695
164 742
189 687
447 582
374 352
112 755
205 972
49 965
997 929
666 270
922 781
340 509
166 392
189 800
288 949
426 723
697 612
96 55
851 521
11 479
37 195
660 363
407 887
31 50
748 114
160 41
550 719
813 88
113 250
292 449
156 413
822 472
915 119
522 992
552 787
785 521
240 113
840 175
370 450
946 392
366 592
942 853
681 284
873 72
391 578
185 500
112 258
379 875
209 845
959 962
860 941
60 35
395 493
877 147
344 733
64 633
442 730
590 427
235 135
484 311
625 68
966 227
155 183
719 4
514 455
974 193
522 790
672 165
538 649
77 362
724 121
309 547
87 636
218 780
142 441
884 543
433 127
876 534
346 358
857 318
537 179
947 508
823 385
558 682
414 109
192 693
290 757
904 429
37 247
835 141
272 315
864 59
689 342
100 40
746 681
826 716
493 150
737 749
381 346
388 678
188 463
875 320
425 739
438 384
825 104
538 443
896 60
915 622
921 883
931 688
778 11
242 638
801 72
889 982
811 908
177 948
449 789
588 769
460 264
750 989
236 976
44 144
789 889
159 165
589 540
218 953
121 713
143 906
289 170
897 301
375 17
524 505
368 794
567 348
478 629
166 934
845 87
366 995
996 460
202 621
817 88
698 149
575 146
808 616
7 272
277 764
621 504
596 734
313 210
469 191
257 830
816 505
716 848
858 296
300 892
484 253
997 597
81 123
728 286
999 328
1 427
470 135
296 32
849 347
752 75
493 185
594 611
103 609
152 234
278 749
598 3
856 470
644 735
38 8
492 979
244 450
581 747
48 507
445 717
99 988
0 251
373 778
968 125
347 131
83 139
152 677
532 149
952 171
618 310
561 696
41 735
610 650
509 551
561 745
633 544
859 627
648 113
18 58
68 986
617 712
955 583
497 249
254 688
156 758
5 111
112 788
234 591
427 693
158 374
307 328
698 360
372 339
698 516
110 79
453 834
631 459
32 365
209 266
40 629
426 984
526 24
298 925
496 741
68 82
247 253
453 734
497 874
230 335
44 294
108 494
434 644
668 771
659 949
411 236
516 263
364 760
689 49
613 530
201 438
946 304
327 683
692 480
805 573
272 520
457 751
555 40
513 411
869 8
391 605
610 886
391 122
242 650
145 424
361 302
324 754
842 667
870 311
326 513
612 486
647 300
589 908
853 861
807 252
378 460
595 324
365 520
372 222
892 938
346 72
646 224
448 544
118 299
408 580
427 842
77 896
647 119
219 564
962 563
720 789
108 752
661 802
694 394
882 691
822 505
667 229
511 558
397 3
597 455
904 952
187 450
600 883
549 938
191 638
449 159
864 85
101 882
282 120
457 673
598 552
934 664
130 152
712 871
51 642
233 663
380 269
808 610
744 228
279 816
443 586
819 662
274 339
86 332
574 749
80 953
762 237
72 874
295 550
372 70
475 243
294 322
278 815
648 712
441 150
50 356
412 984
172 10
762 720
360 677
951 533
793 550
555 20
841 124
424 722
274 168
693 241
756 744
966 40
395 840
493 439
470 736
811 741
189 244
79 483
108 682
784 973
117 531
712 700
338 910
2 901
973 618
254 264
611 647
523 80
844 523
168 743
62 701
112 643
87 81
741 556
982 192
335 377
135 253
483 385
447 774
900 40
129 117
789 407
843 424
338 197
184 845
369 640
592 772
819 323
411 473
267 683
173 598
291 527
696 446
916 509
758 994
856 358
869 400
562 211
23 547
502 403
928 106
556 631
914 866
286 859
198 622
852 119
107 852
532 72
405 25
828 587
306 969
385 349
590 267
376 148
755 454
236 440
153 253
544 334
94 534
412 809
325 727
650 708
34 440
190 263
400 555
742 627
362 557
326 21
222 78
48 240
426 163
455 638
769 970
777 930
524 666
822 553
748 335
526 445
80 465
637 403
777 865
963 840
69 572
156 553
127 276
332 875
238 940
708 805
47 710
116 905
253 618
906 799
578 44
450 688
473 134
969 45
708 11
476 643
804 717
119 23
766 933
131 419
674 335
746 398
216 873
908 296
617 842
999 654
571 747
28 366
414 474
497 479
232 154
530 539
160 343
894 430
287 971
243 250
689 965
990 879
877 29
966 841
954 4
788 668
866 516
700 40
410 39
628 64
520 796
160 521
48 700
2 927
692 955
351 758
169 946
14 955
15 873
540 713
417 664
65 796
445 28
727 350
575 65
541 533
535 724
587 279
42 813
271 749
882 113
501 401
629 334
970 149
994 700
677 460
862 603
977 194
512 307
835 52
937 993
327 817
692 612
958 457
61 587
478 147
251 330
574 270
621 711
439 573
129 115
624 91
551 153
658 300
782 350
450 70
189 339
353 157
793 618
728 520
395 551
727 969
275 699
976 464
878 128
687 523
81 421
880 353
498 767
177 964
501 645
248 291
520 323
780 760
821 992
390 393
420 434
182 63
159 696
18 776
317 77
672 985
762 277
239 105
670 939
875 646
176 35
151 614
875 859
446 464
484 938
238 631
397 739
33 343
722 332
451 548
201 142
919 786
727 408
39 410
156 607
742 840
78 439
884 518
877 896
152 404
32 288
757 107
497 503
546 842
444 69
178 174
536 94
951 800
617 177
195 271
225 628
539 496
828 585
876 395
100 464
942 718
318 246
806 521
353 218
99 5
139 496
961 293
54 667
567 77
378 387
575 487
691 458
699 92
417 850
167 31
528 557
17 419
96 154
97 745
687 705
39 978
512 410
761 542
335 126
644 454
399 926
73 421
428 714
40 851
906 984
184 587
688 192
194 868
816 736
425 108
424 727
978 928
819 117
596 882
279 659
496 393
113 734
270 661
751 867
257 49
112 351
76 166
23 634
687 759
791 178
866 612
773 183
327 504
990 724
789 559
189 505
