430 107
651 879
972 935
742 486
60 297
167 191
311 862
213 290
122 488
503 231
153 293
525 866
785 949
198 892
239 933
281 188
915 351
935 106
201 385
304 529
345 514
501 499
446 154
590 119
726 688
342 671
899 909
145 42
619 554
522 703
193 328
181 738
137 200
371 855
284 131
413 639
788 180
194 312
553 290
888 479
381 676
953 175
200 858
456 580
509 356
918 409
920 629
319 231
356 298
800 352
545 159
475 497
678 385
540 143
356 665
200 748
729 563
227 269
736 567
926 506
107 125
737 896
183 991
520 9
135 362
132 795
797 262
881 998
20 242
106 121
248 523
582 436
347 677
599 514
995 630
279 803
515 346
404 842
979 836
13 582
634 490
990 39
121 946
352 261
547 197
157 944
901 234
629 44
130 952
909 981
139 829
988 910
517 511
209 951
374 453
909 798
78 345
199 299
870 375
870 712
