591 297
800 287
756 346
708 283
971 659
385 132
343 531
560 45
854 204
484 844
671 649
349 385
739 424
873 819
532 695
874 360
748 303
313 0
666 10
458 494
664 881
919 899
621 515
303 787
750 743
753 722
903 32
24 192
601 891
839 396
972 834
220 438
397 413
835 634
757 414
430 7
272 251
772 696
620 137
602 679
192 695
257 883
75 988
467 88
991 109
256 64
930 670
874 617
791 749
278 308
979 304
623 729
343 270
594 528
56 237
271 554
239 879
648 906
650 215
661 382
924 384
219 527
106 208
206 937
24 544
695 71
276 982
292 211
801 653
75 947
121 363
173 708
751 356
107 204
185 280
915 1000
68 390
468 924
768 845
661 190
671 718
628 886
961 992
137 267
550 510
498 332
251 70
326 499
358 209
196 574
653 211
702 111
972 682
907 531
814 916
653 238
874 516
738 799
773 786
820 22
354 396
639 724
555 398
693 287
589 799
248 141
903 172
537 639
797 275
924 564
799 233
555 833
102 957
167 317
668 495
573 746
980 606
685 238
891 713
752 372
306 219
438 172
45 91
455 214
911 925
425 282
848 813
692 306
875 233
971 23
304 16
777 855
406 161
224 985
130 588
957 900
915 557
444 500
59 914
494 251
434 473
57 997
285 808
31 771
211 439
805 782
303 640
608 149
995 968
367 151
420 673
220 458
576 269
317 341
531 35
547 351
289 751
26 869
550 970
397 398
741 0
684 430
899 533
75 276
807 925
304 741
632 807
802 340
946 626
543 344
695 203
722 711
942 93
979 745
919 167
510 44
639 804
406 159
631 337
752 948
601 495
517 20
185 930
334 976
380 62
786 871
916 423
311 155
711 291
802 256
577 194
653 455
752 540
432 655
280 388
212 295
291 186
539 760
254 515
420 129
95 83
617 711
419 215
905 7
217 64
507 785
652 442
473 520
175 404
70 289
461 342
944 813
271 851
685 413
404 423
965 832
910 171
906 509
14 399
788 685
562 978
154 562
494 205
795 497
602 265
93 210
512 864
747 974
14 24
391 797
111 881
466 919
663 744
550 473
250 525
442 691
50 663
872 606
107 541
622 461
363 318
929 131
294 850
955 76
305 713
311 234
740 347
648 90
76 828
926 655
14 23
87 344
922 843
989 785
171 519
432 370
253 841
630 246
112 143
440 874
684 388
286 605
16 889
862 921
756 219
484 508
817 921
6 579
394 102
428 961
833 617
461 741
74 83
436 330
751 182
952 885
629 261
204 522
973 182
671 224
713 644
659 696
169 868
988 536
854 408
742 140
355 211
729 792
436 113
883 348
271 566
334 731
441 625
962 572
656 630
746 610
47 706
46 471
947 117
180 206
510 102
891 962
366 804
359 286
869 162
208 353
601 90
726 786
495 685
575 889
603 482
6 931
247 171
205 120
864 181
833 772
135 892
583 515
608 153
45 729
595 743
946 747
276 424
139 596
385 429
393 345
901 27
521 425
8 882
823 327
286 185
16 958
291 274
688 341
190 82
469 603
938 196
385 108
294 984
543 833
305 144
940 234
636 402
899 688
498 229
883 202
391 777
474 148
810 744
143 252
205 153
582 822
469 263
356 185
912 834
610 218
17 593
368 681
517 164
709 869
273 406
722 128
223 620
306 464
108 909
896 18
795 768
739 604
369 816
9 244
697 859
72 211
97 724
631 427
48 422
853 48
248 588
470 907
689 207
391 430
779 727
660 38
915 819
377 300
850 639
29 128
824 316
68 405
71 336
820 473
646 998
366 802
797 434
778 344
871 846
761 272
986 82
783 34
930 175
780 859
237 288
700 920
938 533
264 849
952 464
232 913
15 796
898 472
433 439
96 614
653 582
324 892
789 910
417 217
937 938
868 634
161 611
226 550
931 851
294 687
267 652
557 881
127 880
0 589
531 728
748 348
941 761
945 669
81 237
179 741
328 784
541 157
239 184
564 839
902 154
525 797
292 842
189 281
72 842
71 341
529 435
549 905
474 951
250 943
411 591
456 668
572 686
866 504
94 448
403 614
943 877
924 364
610 404
675 386
966 631
674 465
357 406
400 657
565 149
573 442
42 954
901 740
979 988
590 886
315 339
665 890
870 990
283 519
974 126
851 981
586 152
46 566
808 506
229 943
269 929
759 865
925 43
117 565
51 275
435 921
663 120
264 227
129 879
677 933
243 754
370 817
497 392
428 200
42 554
971 721
436 18
553 860
456 554
68 829
453 685
237 780
224 824
436 888
429 248
865 109
692 460
847 593
147 162
339 272
134 990
156 501
874 224
573 589
192 252
982 141
249 845
991 346
693 801
310 875
926 106
110 159
61 522
772 752
10 42
446 590
829 145
704 812
159 754
769 456
204 108
92 175
395 208
469 766
168 194
934 294
254 366
675 553
909 717
654 959
953 237
558 288
877 799
831 942
154 772
739 302
681 777
899 258
408 190
518 256
200 684
436 94
209 329
962 863
407 352
669 45
157 210
189 61
311 276
160 436
502 132
628 124
212 820
994 931
213 384
668 871
916 259
892 407
1 817
542 13
706 656
639 364
195 986
579 219
608 309
994 74
557 780
208 904
42 625
827 403
785 179
240 228
759 137
168 74
399 928
452 230
860 498
484 11
781 543
950 771
113 29
202 947
805 357
667 652
78 266
285 196
423 835
758 742
343 395
804 561
936 319
859 311
831 526
881 586
205 346
809 268
250 293
684 283
86 627
472 819
169 758
889 575
663 829
805 479
263 838
66 968
883 330
538 163
445 108
322 218
60 481
625 276
691 887
656 420
544 149
549 731
433 549
888 965
110 852
425 198
64 195
510 189
926 983
485 60
235 138
117 785
534 561
209 534
623 751
833 739
719 563
47 282
54 513
83 391
374 352
327 712
88 462
610 582
507 587
769 999
205 836
249 609
694 769
316 144
229 258
151 451
462 425
664 262
141 454
854 226
400 330
426 381
10 639
847 142
534 952
983 277
592 166
729 434
255 396
372 61
20 595
736 28
951 496
953 405
277 725
853 295
269 500
314 846
817 753
429 963
779 371
206 684
378 556
556 545
536 59
81 959
311 832
671 220
817 26
135 195
604 798
475 88
522 903
839 674
153 177
227 570
306 104
77 468
515 445
631 106
293 595
768 118
785 523
935 700
772 933
711 720
589 773
33 94
19 324
299 516
697 358
492 983
658 463
793 448
892 694
367 361
894 952
212 287
463 778
739 507
920 227
834 115
107 153
46 419
579 100
523 747
589 225
592 569
322 685
17 901
324 360
590 207
317 813
995 779
815 594
117 6
307 413
185 355
895 857
695 992
207 896
539 619
825 674
638 692
624 489
122 73
857 955
50 781
84 829
875 73
904 635
216 613
652 767
205 65
364 531
366 497
272 407
776 677
628 600
268 684
409 661
897 22
672 166
578 228
105 397
529 51
408 599
178 253
765 69
161 224
662 629
877 318
866 87
161 581
910 318
257 629
726 55
122 546
554 695
942 419
846 385
256 429
541 413
224 157
440 99
28 119
126 160
439 680
412 449
346 395
939 696
362 708
845 626
369 175
376 601
534 699
182 355
965 574
296 493
124 170
990 942
82 970
785 795
473 901
899 340
810 2
433 273
653 948
852 27
464 817
851 111
536 261
706 892
254 991
895 325
803 489
831 896
777 888
821 963
566 682
816 607
913 221
170 947
351 756
984 736
39 560
907 621
306 822
471 119
377 770
46 468
226 529
936 282
971 58
312 814
443 736
89 528
820 325
684 254
722 856
366 1000
356 990
4 210
621 579
670 823
42 509
33 276
43 285
853 302
500 605
352 767
675 120
872 271
38 257
787 412
570 65
273 756
631 926
118 164
605 105
970 451
230 702
414 629
954 4
794 373
123 660
253 437
315 251
581 654
908 282
907 117
782 271
352 463
408 841
552 544
315 677
23 206
592 526
480 777
974 982
715 151
499 789
186 511
34 975
16 273
422 652
175 913
145 32
270 230
753 17
182 453
141 665
230 766
554 335
550 497
642 951
208 247
993 104
700 482
311 460
2 176
873 740
984 83
821 889
508 388
918 772
82 788
462 861
350 689
275 918
951 592
431 557
831 406
621 130
575 331
80 94
691 651
732 170
526 572
279 151
91 494
936 829
196 78
403 418
588 256
976 303
747 557
271 357
44 694
90 647
941 767
748 268
368 64
863 689
641 781
414 169
236 794
473 438
681 691
838 634
665 680
32 893
861 944
766 500
520 912
575 621
271 780
459 819
895 754
535 908
397 929
695 187
606 962
689 423
338 287
445 765
853 711
815 930
78 289
817 343
644 996
43 990
48 716
379 1
21 708
868 797
616 946
764 527
608 634
889 673
919 583
699 285
312 784
810 211
365 197
297 687
54 477
345 452
21 859
47 466
821 49
490 465
294 206
845 699
490 326
293 664
939 944
321 553
237 737
593 749
705 668
127 667
439 306
933 442
394 29
864 535
973 564
83 753
953 513
947 320
576 682
546 187
13 918
867 114
825 931
723 188
883 565
106 937
59 710
606 396
45 541
703 144
947 86
282 625
103 510
481 667
147 384
218 961
460 879
39 621
723 95
557 867
547 266
611 734
832 997
966 932
710 197
762 870
150 789
871 94
102 7
1 836
94 948
924 513
466 354
481 201
845 373
161 473
5 582
741 892
124 813
549 107
100 408
8 625
357 109
727 701
572 657
917 112
156 584
84 298
274 869
820 313
70 751
158 893
186 338
900 577
207 119
518 321
746 295
369 34
329 940
362 474
919 981
201 661
1000 886
241 633
201 47
553 974
172 316
409 366
988 215
166 36
989 2
647 345
974 543
952 578
821 799
921 567
963 743
887 694
471 83
797 577
679 12
903 772
391 170
759 18
646 178
899 367
249 805
700 913
948 763
659 389
739 141
559 650
344 68
518 89
720 838
767 817
804 776
352 271
149 505
835 882
407 263
834 760
940 166
109 751
96 703
103 17
962 169
410 892
937 623
997 656
519 262
403 644
382 785
626 826
278 513
217 331
448 403
76 306
746 155
193 399
404 964
429 865
341 186
383 660
344 214
533 511
247 499
660 633
720 957
603 753
607 442
940 280
715 854
478 130
12 461
958 386
151 651
513 382
210 700
92 279
590 918
669 666
814 17
85 492
112 878
616 799
289 535
137 411
502 74
875 100
600 373
168 330
844 722
268 278
596 526
840 176
368 871
515 564
549 100
184 262
974 152
186 434
513 900
584 642
193 956
627 841
632 26
322 767
944 999
616 729
125 571
754 180
958 204
136 569
570 251
113 442
928 196
550 945
860 64
796 528
977 282
974 780
450 333
437 567
634 693
599 189
679 377
516 236
553 371
469 264
28 325
239 936
891 495
148 598
450 615
413 951
264 186
779 625
211 338
253 490
296 790
71 849
885 614
662 808
600 825
728 403
108 473
593 898
393 521
892 654
579 367
876 526
832 189
83 41
949 660
426 953
511 711
615 973
673 55
137 355
983 752
691 800
154 46
150 964
857 25
983 70
645 309
894 383
922 377
510 557
446 164
237 314
253 301
930 788
46 439
3 54
720 857
55 984
107 16
178 577
650 802
778 420
89 227
603 402
795 994
61 684
709 125
698 304
319 520
683 685
212 933
829 767
844 92
329 897
817 843
962 528
397 568
27 904
115 467
164 377
187 787
141 228
243 809
26 930
237 675
453 981
348 42
513 998
840 859
496 604
380 726
227 225
145 539
407 526
768 453
675 117
998 988
135 737
38 322
274 789
507 897
504 319
18 688
676 60
680 996
240 492
401 981
580 396
949 299
59 40
904 339
164 50
89 723
310 731
241 899
93 701
644 32
563 927
98 248
725 921
952 853
894 650
165 507
711 533
148 475
413 357
292 218
47 377
438 609
296 146
742 479
523 148
742 731
632 166
340 976
403 983
480 449
715 831
155 725
476 823
573 245
808 120
592 599
14 751
536 919
109 966
965 449
622 691
179 900
207 175
781 120
488 646
585 580
326 534
845 918
353 570
913 852
572 884
65 302
427 667
172 149
40 785
570 759
931 353
349 29
291 841
877 106
137 797
139 240
0 352
871 969
243 119
363 880
653 296
819 106
864 741
382 322
337 224
705 920
359 632
538 529
129 159
525 228
389 450
823 684
175 327
543 401
169 328
1000 235
691 677
377 674
966 900
540 391
452 265
342 834
368 316
288 426
170 294
107 939
831 635
483 915
116 840
101 580
443 972
931 5
515 239
567 732
42 643
76 190
593 572
575 589
739 959
850 998
569 2
120 708
594 43
500 142
954 316
351 381
702 744
66 601
732 521
278 44
301 453
99 547
190 283
20 960
14 650
285 598
283 767
681 673
136 220
806 630
667 315
368 612
354 213
420 462
396 725
992 898
987 732
871 554
616 569
456 740
704 275
265 34
466 844
467 79
199 122
45 385
773 822
854 225
194 580
128 371
438 811
885 878
848 773
806 350
310 367
993 728
313 770
990 194
720 258
919 36
567 431
833 250
387 758
203 434
836 516
639 486
117 828
290 685
583 130
816 209
726 941
638 236
349 467
385 172
366 726
547 8
982 349
741 207
340 964
980 405
443 487
588 429
116 497
283 550
489 503
799 44
702 1
181 850
179 345
697 284
878 493
882 158
195 252
36 932
871 902
610 378
253 544
58 279
324 297
19 739
410 476
631 156
38 451
96 499
512 414
969 537
449 104
184 974
741 362
825 826
240 230
806 722
748 304
970 194
696 233
233 727
724 373
940 40
597 274
314 330
549 180
192 381
853 845
274 862
563 367
69 47
918 591
101 875
519 722
160 668
273 693
955 844
591 65
248 683
330 696
312 692
167 28
962 700
782 331
86 899
668 374
84 297
377 596
626 670
938 230
653 576
768 648
368 58
454 105
401 796
865 544
719 176
395 577
290 715
905 523
819 148
710 450
398 803
766 574
311 603
910 935
358 835
397 122
191 838
664 789
465 842
956 592
854 0
248 944
431 222
943 390
740 31
463 292
727 410
772 32
332 55
630 768
214 601
944 898
568 650
574 252
218 227
240 471
669 942
985 478
839 275
793 928
19 874
616 556
192 340
271 250
780 35
502 154
399 339
417 258
895 365
918 671
730 110
85 870
119 149
804 175
986 777
977 457
67 452
442 377
235 227
759 485
296 738
770 459
78 774
729 395
271 233
26 5
999 186
244 854
274 693
157 706
880 936
934 446
889 355
345 476
909 593
66 20
214 79
451 608
540 768
857 2
182 340
202 345
221 745
259 791
638 701
638 362
529 113
25 432
363 272
652 803
729 17
855 905
32 183
414 968
373 133
47 163
242 473
118 142
230 903
340 487
307 753
1 320
823 94
599 618
722 623
56 30
285 443
648 823
484 552
915 714
192 570
502 391
207 961
110 147
306 246
426 448
784 173
217 782
89 542
169 703
885 567
95 456
469 430
577 380
27 285
611 5
764 115
104 136
407 876
624 795
50 480
231 587
808 413
396 107
781 904
312 145
682 100
154 393
25 577
371 698
451 23
261 456
853 405
696 686
504 278
129 600
652 424
966 724
66 917
250 732
743 544
406 266
683 56
912 747
659 886
703 914
783 147
596 122
654 422
784 235
788 182
796 303
385 575
933 910
666 987
160 635
417 293
612 993
133 379
196 741
216 532
689 427
280 368
871 482
25 664
267 921
195 957
653 809
713 867
966 397
119 133
3 541
580 649
277 522
812 963
494 172
465 618
919 72
562 719
705 691
829 223
657 253
744 864
941 545
417 796
310 317
689 275
899 614
542 589
72 546
493 573
79 201
427 256
793 99
228 809
409 274
861 314
85 568
989 871
543 990
689 908
436 385
472 526
145 455
913 748
393 864
983 732
743 522
722 823
262 990
591 538
20 15
815 678
936 693
644 828
642 945
615 340
638 55
707 382
459 98
831 723
594 882
220 955
834 268
483 933
392 271
50 178
718 96
769 242
309 958
968 307
371 879
632 695
161 804
377 382
503 302
381 478
310 79
55 823
523 909
376 610
321 734
300 162
740 890
624 948
116 970
749 521
21 681
950 42
664 249
70 480
340 141
486 193
983 719
735 803
947 985
439 827
28 770
539 201
573 272
638 778
667 29
741 42
933 458
101 265
21 764
617 344
658 445
119 873
292 894
357 77
761 502
34 933
120 304
43 996
237 441
985 704
707 766
986 197
964 451
717 92
7 571
335 369
222 249
242 623
757 501
642 387
383 740
324 490
748 445
816 316
312 334
149 91
457 482
245 985
852 667
55 614
373 744
374 673
981 31
846 10
486 22
640 969
560 112
471 920
601 670
28 932
527 357
156 919
580 613
287 500
46 247
432 223
61 398
909 570
453 134
469 889
636 869
620 879
559 961
328 741
135 228
733 247
284 475
673 982
154 280
499 25
937 870
767 132
354 876
65 774
117 182
169 224
914 734
136 436
819 14
53 772
561 534
615 544
636 853
464 115
887 276
370 236
670 257
790 17
677 205
844 522
764 336
973 49
336 109
43 505
750 613
481 707
519 715
166 965
717 157
974 301
443 372
263 842
960 307
738 929
99 446
309 824
455 570
242 285
307 326
121 457
940 558
282 180
517 735
980 954
495 687
579 392
752 99
177 492
424 679
78 736
720 262
786 715
4 771
413 297
284 986
590 794
495 385
357 262
751 15
819 195
91 861
16 119
242 833
207 163
299 251
483 524
862 472
110 178
402 103
77 927
414 613
439 723
665 446
768 779
677 865
421 284
36 823
537 550
162 985
32 102
77 320
326 936
873 198
504 830
901 366
225 448
427 33
133 899
390 206
366 470
23 828
145 964
357 151
577 340
134 180
311 578
51 68
579 553
645 16
549 259
134 709
757 950
232 140
51 363
233 49
129 287
303 604
179 530
313 569
132 7
736 985
587 371
996 555
428 217
333 381
278 324
392 878
714 96
568 258
800 273
557 708
355 260
418 656
581 304
494 13
452 716
725 871
422 408
944 599
643 632
932 888
636 577
657 422
614 620
564 45
476 382
376 18
407 272
894 645
300 648
903 432
616 469
27 887
165 723
84 669
774 543
604 841
923 307
627 785
100 348
816 341
896 132
640 39
273 907
518 134
664 133
955 195
807 511
829 180
779 743
449 348
945 776
921 541
489 298
735 146
1000 421
594 392
816 518
418 173
498 73
47 728
189 741
630 888
143 689
518 673
852 50
791 915
228 132
551 899
242 526
464 5
965 367
657 276
476 745
638 569
509 830
665 388
11 743
857 546
469 19
307 203
120 539
272 308
314 473
347 661
173 37
673 137
574 753
458 999
866 212
157 973
750 149
674 575
811 730
962 803
185 123
980 334
357 859
672 914
455 451
757 488
775 725
722 888
750 812
335 344
395 813
147 512
552 949
123 572
134 792
878 819
164 315
624 94
589 624
969 527
958 27
248 331
719 134
755 662
965 193
602 376
821 858
453 45
404 904
347 539
812 13
684 340
546 801
517 159
36 937
217 590
952 196
219 514
764 79
302 514
258 779
340 33
193 514
322 311
609 283
553 805
302 121
225 165
389 654
346 927
750 387
14 541
209 689
710 529
333 9
896 997
159 670
782 65
488 682
118 749
555 763
214 660
284 364
152 164
296 806
174 445
773 342
343 713
515 0
980 275
109 139
436 430
635 473
8 948
552 906
516 244
851 346
199 67
996 340
645 401
567 138
939 981
424 605
266 979
52 392
345 844
608 318
165 503
578 615
659 570
30 131
528 844
897 919
438 123
484 77
75 769
968 646
20 570
28 689
121 915
791 380
791 590
670 973
784 944
397 993
130 263
536 729
455 692
781 331
408 516
540 842
277 263
587 643
126 130
59 605
339 463
627 736
605 458
737 590
107 779
74 887
499 536
81 350
303 427
351 220
31 149
712 796
654 218
663 908
877 330
503 127
9 883
52 838
186 467
603 841
185 86
18 432
383 204
317 472
196 735
23 219
918 505
262 154
604 464
579 317
626 36
39 922
623 263
421 724
88 352
426 709
494 114
738 583
262 745
169 532
697 14
197 163
511 161
602 603
690 453
978 542
784 672
808 323
484 450
953 362
478 144
815 635
830 101
823 788
185 633
333 193
989 91
338 375
996 191
955 810
633 876
619 271
594 246
366 61
721 409
946 872
222 320
532 669
358 874
574 338
134 593
187 65
903 642
905 841
513 337
26 544
908 690
446 653
17 726
388 486
250 562
491 458
183 393
264 610
560 13
738 164
132 912
105 282
397 500
85 10
494 286
533 898
43 962
963 19
692 844
370 784
696 301
600 410
229 867
68 940
68 904
83 63
815 784
724 303
994 460
526 318
150 648
670 151
881 223
683 73
767 773
194 66
196 158
573 41
5 121
17 199
352 864
865 821
310 803
325 400
652 275
791 198
714 945
763 325
833 34
401 792
229 785
167 644
575 254
816 232
666 811
84 323
751 619
116 992
775 943
464 804
137 982
455 126
485 140
741 72
58 993
97 392
592 698
232 980
554 752
414 791
3 949
500 246
14 120
859 242
128 991
863 177
685 529
633 44
473 306
795 759
439 490
650 88
705 335
173 347
88 176
988 275
19 425
150 506
68 792
927 325
101 675
758 390
14 154
407 243
124 912
385 771
743 247
514 917
181 72
687 919
928 951
832 340
603 949
990 60
194 941
664 899
648 346
192 442
255 642
169 879
474 460
629 802
256 955
580 342
214 208
585 477
181 302
661 342
758 669
846 812
536 634
945 711
262 201
56 109
558 462
221 892
335 329
233 111
877 715
578 867
264 55
78 141
951 86
596 247
115 434
179 558
833 135
826 398
553 318
488 280
906 452
259 675
349 894
175 260
669 624
520 643
504 258
525 103
415 501
632 725
709 573
329 771
366 291
438 382
87 793
160 648
281 392
200 118
66 973
97 531
946 31
930 780
657 260
535 743
951 452
558 179
302 321
715 550
553 344
735 449
530 692
421 275
161 966
763 867
792 918
872 443
837 145
372 179
24 978
652 660
363 739
249 15
949 738
607 252
145 495
556 477
668 457
811 137
948 836
10 21
192 45
321 632
234 309
409 143
771 875
103 954
66 916
876 914
941 921
937 560
234 300
942 397
886 661
782 969
798 826
585 448
547 808
682 63
981 172
577 576
297 235
186 733
956 757
420 662
21 564
253 217
705 134
468 161
872 312
5 868
940 599
367 166
358 662
537 380
11 596
954 154
831 286
396 289
703 780
693 903
499 881
212 144
355 498
921 190
317 547
689 322
514 180
637 254
419 375
966 323
214 982