688 533
796 436
606 649
671 139
60 661
476 398
342 455
624 693
117 53
577 74
928 962
310 954
936 986
969 792
959 625
318 72
446 576
960 653
698 981
498 485
851 428
994 827
607 230
272 422
208 534
902 455
448 550
273 527
54 522
787 934
122 720
198 486
839 90
48 461
87 604
802 309
784 406
617 166
389 355
452 808
391 710
353 871
792 877
922 353
562 486
305 308
110 556
498 945
224 619
917 340
747 6
460 13
168 531
690 758
115 65
563 574
667 892
187 106
794 171
106 874
662 637
188 819
62 464
740 434
630 507
204 958
906 689
690 411
401 729
305 613
950 535
40 146
601 474
161 484
389 314
506 167
337 75
200 335
472 793
147 11
256 953
754 341
22 815
8 298
619 846
746 694
901 658
527 665
698 606
335 115
573 668
331 14
139 112
487 29
119 223
453 533
61 198
303 822
758 830
506 106
504 260
63 379
543 281
447 652
605 353
327 105
337 626
171 248
696 166
419 735
942 543
167 300
310 602
19 889
12 615
152 943
695 415
238 612
825 33
141 901
803 762
669 686
642 567
120 32
48 347
733 894
455 199
651 224
295 216
996 27
271 950
456 838
861 573
83 368
912 541
689 519
715 633
423 338
663 524
286 760
215 856
80 995
149 334
909 67
892 329
215 639
602 419
850 218
281 597
54 77
224 390
59 784
842 308
744 640
980 748
500 644
523 176
724 114
72 189
380 401
358 575
639 25
259 414
327 659
398 389
50 503
384 5
409 690
650 674
250 376
905 718
221 319
123 876
656 592
652 233
68 700
874 220
858 959
674 549
921 353
75 302
714 969
719 486
629 643
248 66
313 380
446 830
775 628
920 207
642 379
775 855
679 712
350 552
115 57
849 502
846 236
481 78
21 317
164 235
238 687
274 867
840 441
704 875
372 65
392 279
661 683
463 949
362 261
758 810
706 799
428 967
571 136
419 827
408 668
256 721
626 765
567 1
524 463
985 660
889 14
638 43
70 116
87 326
57 772
784 744
758 426
232 517
916 948
556 538
88 907
228 301
325 525
37 369
592 57
969 72
772 892
79 70
900 924
789 150
32 899
702 584
203 751
231 544
641 332
6 620
776 982
887 903
494 840
136 191
880 924
518 662
214 275
25 699
557 929
590 410
671 271
413 459
316 786
2 779
725 764
90 369
426 581
692 848
441 478
989 716
87 391
694 33
656 762
469 346
623 987
324 47
200 802
255 238
530 19
962 105
347 24
604 792
489 192
399 771
362 462
415 745
672 788
71 981
201 726
319 555
533 836
621 999
604 979
509 22
69 882
406 59
851 998
793 890
32 609
862 830
305 335
822 771
417 4
485 660
863 735
498 288
389 937
107 862
998 883
819 470
235 83
710 513
770 374
603 415
771 39
461 161
767 162
218 948
406 262
310 153
731 939
353 650
531 167
979 238
51 207
558 227
458 831
20 328
645 657
781 250
255 970
439 494
300 969
420 234
250 615
976 160
585 615
60 586
243 332
398 565
202 743
777 940
569 698
693 683
143 738
589 48
923 862
323 99
161 397
487 6
362 588
515 781
409 583
37 374
380 519
831 308
36 770
234 475
158 974
603 349
240 99
449 204
70 500
90 897
956 97
905 663
973 873
791 209
6 242
365 943
948 245
582 107
973 387
6 883
964 410
477 693
773 311
187 763
312 180
428 149
101 693
365 759
447 693
479 915
949 770
112 418
17 547
898 880
798 922
318 439
194 609
430 854
569 976
291 80
173 903
610 811
72 176
301 824
908 308
5 758
492 321
95 644
826 611
413 712
170 78
