955 931
381 87
59 93
401 126
834 102
849 1
955 849
97 29
987 651
548 666
846 505
893 936
859 598
558 878
831 930
183 297
115 367
649 402
344 864
796 337
939 738
133 784
312 848
67 901
235 313
733 883
513 263
178 984
521 128
146 148
375 789
937 22
726 37
895 730
15 888
351 130
674 742
846 453
250 990
543 798
246 830
503 333
524 34
323 773
194 630
453 999
397 198
393 720
398 98
219 663
737 587
903 192
361 942
65 662
830 937
111 5
390 318
614 368
718 545
746 664
796 828
196 982
966 479
499 183
488 165
357 224
544 758
696 598
88 637
597 220
708 50
273 261
361 896
410 944
916 461
797 715
314 130
367 364
539 797
192 514
301 916
420 48
769 281
412 333
840 821
471 298
554 344
906 570
739 247
324 142
499 635
543 715
675 375
462 785
773 675
65 213
43 249
352 946
800 344
919 396
620 699
481 72
909 433
367 423
213 425
383 47
957 373
102 590
345 165
997 128
800 444
104 629
40 200
567 659
767 790
170 494
263 204
572 505
984 383
662 440
477 68
527 858
907 225
184 417
128 731
376 249
811 132
551 790
421 908
636 981
173 687
906 265
93 302
194 681
139 542
843 148
751 310
602 382
673 191
712 633
408 617
419 827
419 819
402 115
44 871
301 422
60 414
954 482
574 659
874 370
291 98
92 259
604 916
779 819
971 627
53 627
521 257
782 745
237 590
734 122
1000 23
780 544
338 563
259 875
347 367
19 710
692 458
510 820
804 543
733 759
163 876
409 556
907 890
977 430
198 725
979 172
163 742
794 23
163 519
29 941
388 230
892 550
212 703
516 0
962 597
622 723
44 177
99 884
604 373
289 609
480 770
353 812
819 350
919 764
524 345
888 744
188 708
790 646
849 480
408 242
936 501
792 177
406 546
835 981
165 634
417 542
238 61
995 445
595 569
262 51
409 665
650 709
870 555
290 357
794 597
985 201
213 147
867 913
911 796
81 268
974 637
947 832
292 625
839 499
123 390
649 342
473 675
651 220
589 910
463 91
965 794
228 457
246 106
796 245
46 790
161 581
56 645
255 812
823 643
976 230
594 255
342 508
365 409
320 861
520 591
412 844
376 324
247 377
637 152
980 414
38 687
937 905
3 128
238 560
708 976
811 893
840 611
844 255
92 226
700 787
600 929
682 162
642 143
770 157
410 825
349 524
93 495
833 494
321 432
101 341
934 867
420 243
803 111
120 585
254 170
701 693
186 329
254 960
80 568
883 668
884 806
738 99
325 677
145 15
449 23
357 21
974 103
882 341
301 259
612 618
249 241
554 648
690 626
453 992
161 922
638 998
834 136
295 256
602 91
133 258
496 989
244 50
798 512
959 278
629 161
453 7
584 45
525 155
767 429
149 569
678 834
48 385
652 613
960 839
274 138
528 901
74 655
317 697
816 931
840 678
534 68
641 402
795 436
93 532
349 435
737 40
618 267
116 160
675 581
477 877
553 700
274 932
440 401
567 838
391 62
894 717
626 648
336 154
547 159
100 137
184 495
217 476
738 112
652 714
462 496
907 808
818 560
105 79
283 214
571 147
106 972
336 294
654 878
607 543
421 396
768 719
615 641
822 572
651 420
743 461
567 11
756 423
727 425
26 705
261 250
328 441
319 440
251 996
361 693
700 336
815 163
937 299
447 160
484 894
401 392
340 214
129 408
60 35
855 386
610 504
326 425
805 573
247 503
854 888
813 768
957 575
427 275
111 284
777 105
129 991
574 795
949 160
48 935
178 463
86 426
716 166
62 616
126 225
664 437
430 282
707 402
205 181
540 111
228 775
959 926
947 517
917 690
309 546
288 341
707 934
138 568
594 932
96 512
682 500
695 438
237 660
329 175
43 423
565 632
938 874
750 789
817 634
169 987
758 757
687 685
322 175
671 991
69 544
267 505
179 652
834 424
621 701
61 264
870 515
479 154
808 894
897 513
581 468
83 566
84 976
646 654
788 672
179 944
181 470
743 515
346 482
403 936
668 16
264 253
9 419
935 47
475 549
260 133
726 843
280 565
980 550
470 58
169 43
694 122
915 397
264 136
124 426
990 841
805 29
556 667
326 862
6 591
584 340
495 678
686 374
40 308
608 805
128 217
804 480
482 416
33 413
928 272
130 922
514 210
143 119
799 457
236 27
189 543
1000 664
956 223
943 977
686 969
591 390
34 346
737 73
76 196
607 576
288 242
442 863
327 542
224 488
948 788
927 175
470 166
241 296
776 447
534 844
686 486
712 797
151 513
496 965
960 486
257 870
664 994
28 702
489 838
385 449
998 776
879 55
613 35
382 15
529 177
10 645
612 718
905 72
758 619
153 808
574 379
419 280
787 552
803 194
886 28
792 42
876 257
615 187
334 299
657 829
882 497
197 39
67 252
604 77
73 773
817 536
697 289
374 677
358 693
738 81
672 87
151 88
879 674
58 189
268 930
406 6
669 60
41 300
352 210
604 565
161 273
532 331
545 840
397 897
346 825
964 382
769 456
69 292
18 348
759 494
96 347
363 908
871 817
957 485
924 887
99 367
40 635
153 606
32 887
876 138
891 314
998 769
393 819
886 972
824 75
74 387
843 332
378 445
511 810
232 177
182 8
857 99
309 82
534 441
678 624
81 349
996 491
450 778
349 111
68 868
209 905
698 816
548 183
774 970
423 32
832 726
271 115
712 112
