596 104
748 524
71 987
55 292
804 447
425 371
822 25
373 931
599 561
679 578
410 540
983 249
498 629
441 685
724 351
746 57
411 464
470 106
699 243
261 735
844 288
144 782
221 577
839 621
270 833
305 159
871 327
327 534
735 963
797 482
642 585
769 134
267 281
124 835
7 959
142 557
504 634
290 4
544 944
243 328
605 32
399 958
613 113
565 352
465 371
705 453
604 305
714 705
94 335
747 931
662 962
970 646
407 909
243 822
315 618
945 293
189 594
518 128
18 156
823 16
759 159
981 272
412 73
575 252
942 704
812 278
690 408
245 590
368 63
764 994
250 667
232 875
163 754
609 558
968 517
907 740
417 556
71 265
134 766
710 381
742 771
243 52
915 807
200 988
631 923
246 115
419 196
550 169
100 481
734 639
543 856
572 31
164 15
332 318
412 441
754 669
644 781
873 315
562 508
657 586
932 622
470 58
979 517
246 377
981 886
967 427
645 210
627 640
96 989
700 955
804 84
481 338
710 152
639 858
475 239
599 428
134 385
831 890
717 813
132 73
5 36
687 175
607 134
860 142
217 484
300 96
685 203
463 917
688 401
654 659
530 602
60 936
27 185
296 807
596 812
13 688
585 216
100 101
87 4
672 273
275 999
112 544
255 59
909 290
952 644
486 380
433 212
127 500
512 8
552 814
895 832
71 395
311 367
153 392
334 172
704 449
605 914
854 628
426 94
309 38
103 835
781 381
355 10
220 494
44 122
755 473
895 114
489 617
362 559
925 408
154 122
325 81
900 826
109 630
526 54
585 159
834 342
967 307
372 192
366 762
594 181
588 534
583 514
650 131
935 811
970 960
111 64
219 62
838 279
9 864
801 513
33 700
81 561
686 823
741 693
883 508
0 960
950 549
461 592
239 934
866 686
64 694
998 725
220 603
645 932
233 143
691 418
654 263
352 240
652 622
786 740
26 943
166 832
643 552
455 388
773 826
130 812
123 743
810 161
312 464
192 675
806 990
180 585
156 799
138 946
812 985
717 89
64 580
152 491
487 544
169 232
149 770
128 890
867 452
833 248
235 908
809 748
383 100
890 383
263 62
129 68
545 787
216 25
54 726
810 436
105 672
796 639
984 640
432 829
913 524
510 485
704 882
499 969
288 396
587 760
18 712
143 162
183 902
12 461
932 226
605 232
796 296
507 147
245 892
288 95
675 764
325 737
444 379
969 532
876 207
966 764
53 221
148 724
291 730
579 62
164 843
430 67
712 467
937 378
363 684
975 826
821 602
230 426
645 884
836 624
840 680
901 210
482 942
162 656
382 122
63 711
845 700
300 571
198 229
45 416
469 941
623 592
427 288
890 996
253 705
127 520
937 350
770 617
802 884
480 358
472 360
147 916
691 16
468 709
277 717
142 144
453 808
552 636
450 950
72 549
986 910
116 504
747 808
842 554
66 621
890 89
989 498
884 341
539 148
919 243
368 986
923 583
939 897
99 998
557 324
674 541
834 608
285 550
877 707
540 843
987 864
807 632
180 424
389 315
461 111
2 943
627 365
741 721
762 665
886 937
22 306
568 345
442 184
422 178
919 879
950 757
515 750
689 846
162 894
763 630
709 536
540 780
642 559
93 544
710 93
705 580
246 168
690 260
474 672
908 276
764 253
840 259
278 889
374 264
473 312
591 219
401 589
92 473
580 815
238 125
909 137
634 326
706 819
875 995
64 968
871 898
892 973
308 926
344 369
346 183
563 415
802 285
237 111
477 417
106 898
574 557
824 614
850 79
969 74
352 808
998 225
264 24
453 349
886 573
422 531
14 160
482 716
547 952
271 2
110 244
127 942
534 255
650 509
853 941
135 491
47 132
446 270
636 681
993 524
278 463
374 834
616 933
72 316
516 788
618 531
596 388
750 519
997 603
313 775
600 62
408 623
135 66
17 375
211 638
913 431
54 467
496 331
274 126
76 729
745 897
422 263
849 872
844 139
497 343
378 301
999 535
383 756
892 168
692 878
519 256
55 717
200 607
268 339
683 959
891 663
716 982
812 432
619 162
189 29
71 893
306 477
418 619
43 935
794 945
719 100
686 196
758 461
460 327
334 223
795 911
128 148
193 213
439 809
691 231
612 55
315 352
609 409
754 122
268 333
805 886
60 209
218 869
153 185
189 430
135 289
90 149
232 293
558 154
177 851
931 601
351 857
259 495
698 946
407 68
92 423
697 130
828 634
816 316
697 1
339 383
397 947
610 299
252 683
572 265
613 634
376 658
29 21
835 828
351 444
57 316
967 20
353 657
530 838
881 945
490 544
350 292
245 645
437 77
983 200
850 568
398 445
757 551
656 535
491 165
66 273
309 131
530 635
97 397
708 14
697 988
401 605
684 742
27 676
447 345
180 892
656 7
311 60
643 454
725 294
133 215
871 783
129 279
217 10
498 918
150 680
41 587
588 724
923 663
619 452
513 767
134 579
186 333
26 806
302 129
393 62
283 339
72 190
704 939
270 377
506 135
762 429
484 870
100 398
967 408
965 663
885 449
316 601
431 714
198 371
518 867
650 344
290 904
797 141
667 865
539 448
65 3
970 383
851 340
479 461
196 273
717 749
319 309
191 477
349 303
46 584
202 479
733 155
692 831
994 812
992 13
822 55
369 649
401 630
874 712
861 666
699 309
839 375
474 121
646 974
60 819
631 725
119 159
588 684
382 71
16 167
379 913
34 366
170 705
906 47
300 323
586 950
15 769
519 756
457 917
722 417
385 700
397 185
767 33
199 899
771 675
292 165
282 825
284 88
887 511
12 819
574 555
901 583
754 265
336 202
406 502
52 156
54 324
456 512
34 300
94 368
707 731
957 442
501 72
106 885
289 358
329 730
830 648
578 910
847 921
922 797
365 399
643 728
18 23
333 915
567 689
399 853
613 235
593 830
305 751
945 74
337 996
135 578
803 578
65 271
509 146
0 5
917 282
477 501
62 927
311 73
221 856
355 809
62 801
60 809
467 179
966 987
677 802
463 320
373 50
315 436
357 635
508 980
603 417
187 975
543 261
488 139
961 498
734 936
415 295
460 376
776 187
634 526
861 570
577 533
193 286
906 688
671 664
657 578
985 239
958 603
464 582
575 969
764 750
635 225
774 121
968 31
716 78
194 118
434 911
140 874
