860 629
11 826
626 778
722 166
637 876
24 156
238 287
812 197
894 516
614 349
555 912
802 625
32 754
977 675
754 310
408 655
925 370
935 909
718 359
445 25
218 836
194 644
99 75
418 329
831 776
480 385
619 822
607 35
183 305
830 398
454 35
901 349
457 272
534 574
47 284
359 221
164 101
987 699
324 480
177 513
852 312
74 324
729 264
686 729
283 669
26 716
432 646
519 888
886 265
274 348
888 460
142 864
315 708
712 521
638 262
80 831
583 814
615 113
888 770
960 882
986 645
176 849
516 47
841 64
982 116
639 905
991 83
305 905
172 906
867 731
196 404
140 960
159 98
172 983
138 90
177 82
527 463
219 252
846 160
639 162
793 2
95 115
377 312
2 609
852 213
329 727
33 737
110 483
444 252
791 750
128 457
878 462
334 110
602 408
731 140
513 158
719 442
519 432
340 730
333 888
45 14
4 711
372 784
618 942
34 185
90 71
421 681
324 926
210 597
449 65
881 299
697 528
656 872
561 556
515 978
614 292
277 771
867 127
160 327
460 69
753 899
40 472
732 623
775 716
492 673
765 620
318 754
268 623
878 831
425 793
889 680
523 412
956 818
10 663
550 845
746 839
871 354
501 943
224 617
67 167
150 716
953 297
249 813
570 497
104 688
573 562
666 983
901 61
169 729
655 610
197 884
164 118
49 63
379 922
831 229
430 687
550 179
41 383
38 556
36 819
928 133
120 347
24 253
764 43
75 570
509 5
314 704
687 942
769 553
621 787
65 478
102 352
33 688
459 106
814 367
442 301
191 834
264 348
553 926
663 119
759 549
839 818
548 523
510 801
746 304
156 48
527 853
781 385
145 981
734 832
237 628
419 655
980 493
129 312
619 791
907 713
703 821
133 516
712 984
708 420
648 987
40 188
219 721
76 79
468 365
241 359
779 478
254 337
310 970
622 871
789 940
169 447
532 941
806 755
329 108
33 395
272 453
912 798
864 600
731 784
917 284
885 228
645 579
770 121
460 11
572 36
730 860
441 195
86 138
654 75
807 605
714 321
184 726
855 432
423 586
446 721
391 509
806 488
438 4
884 108
67 512
243 539
609 114
251 800
985 698
618 765
716 556
938 522
159 334
150 262
325 474
229 945
862 46
71 602
102 885
48 234
481 534
63 318
679 560
851 221
62 671
697 98
192 697
633 603
902 715
761 660
43 771
441 678
182 280
579 643
405 861
444 853
973 458
126 760
16 267
865 562
714 548
518 78
979 936
942 941
165 780
70 271
522 647
810 762
945 187
17 921
96 941
17 181
175 41
272 532
465 579
253 293
588 454
714 891
86 374
299 163
970 463
403 197
880 582
56 856
803 472
289 672
974 771
814 603
311 365
196 397
550 596
211 279
963 739
42 336
708 534
791 553
354 518
744 815
514 326
470 722
635 502
824 377
116 204
404 421
738 205
735 772
282 384
569 330
68 198
969 721
503 465
739 284
973 743
134 355
681 830
176 645
259 681
289 999
870 432
586 7
978 244
691 323
150 46
610 447
91 658
319 397
27 83
938 738
872 942
556 618
975 956
167 628
520 351
80 591
482 276
347 615
476 859
961 136
513 440
481 595
988 514
590 933
341 870
455 602
157 373
353 311
324 75
268 972
541 773
549 384
100 54
828 44
933 608
398 67
809 988
162 973
338 890
988 781
550 712
913 957
299 303
352 83
101 443
818 635
430 538
505 89
58 464
951 835
308 822
141 969
331 273
850 273
242 63
279 213
161 137
143 780
184 404
285 68
323 846
835 602
489 593
453 58
170 308
949 340
594 525
662 490
483 352
892 714
457 759
198 286
833 556
828 287
567 111
979 798
937 585
1 264
561 508
577 125
980 201
989 898
973 878
287 683
968 255
443 25
736 616
503 32
719 931
877 234
315 380
105 247
148 877
270 779
433 503
258 71
642 123
410 34
222 948
213 86
34 67
162 816
375 469
137 47
770 891
31 28
79 611
923 604
826 666
473 959
325 820
450 455
40 186
713 103
339 25
218 101
79 646
628 445
199 261
111 438
786 100
996 83
506 163
646 832
753 97
886 99
593 116
778 403
976 869
152 159
601 279
82 872
38 936
841 709
973 841
982 532
466 217
935 362
351 726
713 294
960 705
267 776
128 170
684 886
72 423
750 937
754 616
913 377
777 805
180 515
671 902
429 511
706 117
37 738
452 825
356 748
314 385
95 26
216 380
908 739
143 751
440 820
337 338
360 63
646 436
218 166
352 772
469 403
121 874
511 394
298 632
497 525
820 823
870 926
847 541
434 984
38 331
900 223
837 859
653 939
190 907
450 591
986 307
232 126
609 565
380 742
60 303
597 289
338 841
606 875
716 112
485 795
522 762
922 813
801 666
646 195
692 104
424 647
679 157
683 487
543 790
908 827
452 567
64 39
250 676
705 584
146 944
662 361
461 414
170 379
308 656
362 576
448 314
753 132
931 991
683 318
432 179
719 729
76 804
580 479
274 721
798 829
212 677
515 886
232 698
352 68
403 286
405 589
997 559
413 367
748 739
568 249
696 737
642 591
596 878
488 408
193 748
97 291
725 403
667 55
104 413
897 708
812 28
514 602
630 829
846 46
20 205
709 596
393 770
358 817
938 801
658 988
199 63
786 663
123 504
659 761
478 183
294 258
543 364
603 967
847 94
696 538
627 219
655 28
228 863
295 283
605 105
884 209
848 187
150 532
913 5
602 24
838 264
58 52
57 699
789 763
659 730
510 853
556 839
199 94
762 784
30 870
924 869
657 380
567 264
242 154
255 227
229 315
74 200
188 506
653 662
407 778
614 613
174 348
513 373
442 945
984 386
632 121
803 314
705 226
61 438
850 299
169 521
591 972
681 889
568 194
371 241
866 954
923 173
692 924
617 951
808 465
233 996
573 538
263 130
838 540
869 501
955 384
656 399
711 159
525 865
996 254
729 472
809 884
742 74
139 438
311 555
501 205
323 919
951 745
832 194
871 290
588 652
426 485
899 710
215 228
723 605
928 124
297 650
504 520
870 69
583 657
736 10
503 237
515 270
138 198
247 225
94 581
593 831
994 888
249 933
722 702
720 866
806 946
563 309
722 899
948 375
217 826
752 709
933 156
111 804
85 185
362 983
154 193
967 128
139 386
639 473
128 178
60 681
882 407
260 112
538 652
565 96
68 436
348 572
28 623
156 137
854 2
149 942
187 256
694 459
876 925
639 113
490 336
338 34
495 526
824 493
605 585
465 843
216 601
92 887
526 703
195 250
585 483
100 537
89 933
646 969
786 66
74 998
222 795
876 601
782 646
366 875
800 912
619 720
381 639
210 225
976 170
470 217
926 509
161 222
986 364
70 199
426 710
986 525
132 161
113 988
191 953
429 325
322 678
727 225
331 59
159 621
167 476
438 883
302 126
30 387
720 697
261 835
216 913
544 386
599 270
125 268
527 544
870 644
322 693
586 324
382 847
915 806
161 520
76 752
600 819
704 950
104 885
817 909
616 250
816 62
186 637
517 473
654 136
756 787
528 888
773 250
75 691
278 594
945 163
727 931
802 555
659 353
635 560
241 133
466 17
577 221
151 316
377 768
317 511
