692 718
840 574
389 251
99 882
798 665
593 106
611 13
288 866
331 894
711 479
7 620
190 896
662 587
347 237
66 247
716 34
853 90
621 510
653 59
47 159
221 192
656 392
302 917
473 104
543 16
573 6
743 532
367 856
389 413
429 689
243 809
696 629
605 985
868 441
14 568
805 579
553 371
986 275
894 430
60 970
213 238
295 288
207 351
381 173
862 147
248 914
325 742
609 867
924 586
506 324
196 907
766 758
174 542
692 335
873 864
729 415
632 990
928 803
517 874
566 924
485 844
844 31
2 995
377 378
759 890
524 585
35 0
501 23
829 953
494 391
73 272
597 474
134 259
861 673
478 744
50 316
373 434
2 144
327 6
157 86
382 488
416 195
530 403
871 251
29 976
822 372
524 967
745 495
724 589
903 111
226 595
993 615
980 281
384 462
315 819
939 210
594 765
285 316
798 976
808 804
672 240
605 625
214 196
325 343
205 540
663 957
401 895
299 603
234 587
577 679
531 799
880 720
914 249
840 588
3 251
617 608
769 256
138 121
996 244
365 440
705 632
655 470
117 188
871 234
546 815
485 470
328 936
36 400
212 873
497 567
423 909
205 248
596 584
397 908
296 714
357 352
349 967
273 7
880 250
249 998
918 326
602 883
897 872
27 152
71 721
648 630
795 491
841 860
893 99
897 22
402 267
547 799
846 304
123 584
818 35
581 70
917 271
518 824
722 812
69 192
342 101
903 407
154 433
669 672
764 48
864 248
305 294
575 442
188 604
846 575
486 892
737 348
63 464
776 950
935 864
154 437
927 597
956 446
220 586
351 7
704 421
289 517
861 681
17 654
705 444
289 818
19 987
4 589
665 936
831 55
865 901
490 393
621 594
309 196
1000 139
405 296
833 585
224 838
705 82
24 387
844 757
233 610
486 239
94 380
63 226
869 588
786 103
8 302
492 171
285 433
399 636
238 644
939 837
517 211
543 161
945 637
267 751
891 481
289 315
480 264
94 493
820 899
958 904
986 423
786 787
817 250
507 761
647 869
489 372
835 66
151 84
80 153
8 26
789 523
303 451
650 65
950 183
114 89
702 396
654 527
788 919
468 8
248 183
951 29
789 886
123 778
727 116
796 426
901 861
89 167
639 224
58 465
658 423
801 294
308 998
678 271
552 735
849 722
834 781
512 932
652 924
954 604
268 370
348 295
157 101
252 366
356 349
806 362
261 457
130 845
526 236
447 729
559 931
640 138
42 705
6 960
471 718
659 691
640 385
872 405
156 206
849 213
841 705
164 352
324 652
999 423
296 207
528 540
769 109
178 555
806 241
812 419
316 26
947 587
981 260
400 37
776 214
107 914
855 911
201 49
810 465
859 749
653 823
540 386
760 129
346 668
420 466
695 305
484 365
578 695
870 478
241 320
437 782
728 936
499 54
790 894
426 924
960 17
814 782
41 450
269 124
709 554
140 320
67 491
185 944
400 149
279 268
702 544
751 376
862 192
336 551
58 138
670 262
615 35
291 268
56 357
4 928
44 916
440 503
457 61
559 200
475 67
455 291
512 479
477 867
589 741
107 557
756 811
880 638
344 776
229 886
295 783
59 158
20 783
680 760
173 190
301 534
93 701
590 244
438 746
301 179
48 322
213 796
863 887
583 214
65 716
864 83
646 742
606 162
247 957
529 331
808 9
463 976
192 160
308 223
29 457
902 577
20 890
791 391
497 512
457 603
93 489
748 764
89 461
143 733
179 885
181 72
42 319
919 212
914 789
705 883
470 844
233 559
131 304
936 863
40 96
754 171
175 663
479 873
553 844
785 337
910 700
497 564
496 323
423 61
261 757
407 403
372 786
176 149
378 498
414 123
664 800
19 121
557 34
872 911
257 458
754 160
643 245
945 2
188 615
267 94
133 987
249 254
276 771
58 640
503 790
969 657
144 103
969 0
881 118
624 632
880 459
102 427
553 757
225 657
84 465
736 169
998 744
395 683
482 107
194 780
734 928
350 734
765 21
497 55
941 279
885 241
887 1
261 617
972 806
547 263
371 852
378 188
269 475
332 0
749 670
925 60
311 733
623 610
955 800
353 205
193 461
201 392
852 460
764 157
987 462
68 242
985 568
48 626
524 15
503 408
102 48
12 185
852 760
996 397
868 190
971 778
192 631
12 948
466 496
651 113
689 956
463 508
269 691
423 977
852 18
620 20
330 821
116 393
685 521
517 375
633 638
570 5
855 347
838 566
72 566
837 422
333 957
928 923
279 451
705 380
521 919
207 146
460 61
172 463
523 721
102 722
827 14
833 296
509 307
912 745
398 190
854 314
497 185
855 683
145 972
962 388
322 310
147 490
710 10
671 587
762 521
464 725
141 373
965 891
680 930
353 612
938 974
966 766
513 969
113 993
437 565
524 333
23 944
156 207
533 695
150 247
254 363
388 286
422 777
496 996
554 379
76 123
407 734
722 513
443 910
570 279
626 200
325 951
468 571
202 682
183 40
976 313
242 452
875 583
928 562
107 354
298 976
34 257
169 421
234 984
560 443
190 815
672 381
18 555
829 887
349 813
834 637
573 876
565 953
560 742
462 737
285 168
467 852
544 247
715 65
785 106
182 847
378 854
48 201
780 680
873 301
480 205
616 920
230 157
390 358
156 571
452 235
200 1000
264 689
718 967
890 794
30 326
186 501
517 979
351 363
873 271
351 560
834 696
960 470
742 517
944 332
443 550
618 807
515 805
652 839
62 613
451 821
298 719
92 388
555 84
964 37
236 285
901 148
606 360
742 611
496 376
854 280
137 363
407 104
948 194
274 345
813 850
50 716
977 701
187 122
421 710
972 755
23 940
318 931
218 600
698 142
915 114
191 551
116 730
986 685
312 459
786 191
887 393
671 689
107 117
835 454
341 572
227 497
904 703
304 692
242 930
324 689
563 553
3 850
112 900
812 287
381 380
80 67
18 629
215 745
298 420
270 423
621 967
745 231
41 865
383 870
997 6
970 430
497 16
341 739
574 365
278 654
415 466
255 275
109 524
138 419
872 79
725 646
650 455
865 628
995 732
624 417
489 708
904 195
81 552
285 866
590 614
561 68
356 985
230 680
156 513
670 513
480 640
229 830
399 937
281 668
392 604
444 551
123 802
334 332
810 26
265 747
753 173
42 506
425 965
877 860
464 966
674 381
652 736
539 949
588 199
382 818
739 227
366 834
375 850
261 774
286 661
483 745
483 982
195 811
723 773
90 504
357 251
234 842
844 175
104 107
195 388
6 502
300 375
270 684
216 838
84 0
720 839
453 255
493 120
311 872
755 747
66 753
986 130
883 375
935 363
683 631
331 1
569 112
51 706
77 571
798 745
949 524
882 732
938 17
633 724
650 132
477 167
570 139
126 511
127 387
853 797
423 397
638 569
949 38
669 866
630 232
36 440
470 611
648 43
874 885
204 419
885 552
463 724
425 192
361 902
61 255
399 583
925 91
242 341
877 9
226 510
302 306
672 620
453 43
536 964
473 941
899 9
625 697
629 653
436 14
550 580
58 525
345 663
451 820
18 220
242 396
519 133
951 917
903 506
388 219
963 706
98 222
831 13
890 681
81 982
578 67
823 75
419 876
175 598
484 855
173 283
403 582
508 544
486 271
655 646
643 823
412 249
556 692
115 581
891 396
563 114
620 462
650 898
883 529
460 660
106 800
595 932
237 58
979 105
410 349
826 778
882 433
611 303
275 53
367 309
195 929
409 643
693 877
947 629
371 419
657 379
711 821
406 166
999 703
47 952
21 83
889 967
875 249
751 180
888 45
203 721
663 995
155 974
304 443
109 830
137 327
260 22
715 672
542 203
815 658
743 427
787 714
107 378
876 624
22 852
820 499
467 567
754 762
503 528
840 975
891 709
506 667
68 900
568 99
110 464
902 814
706 101
486 204
38 238
188 393
429 186
527 484
728 230
143 676
161 903
337 505
33 937
609 700
495 924
987 714
123 620
89 131
520 348
617 35
973 328
129 47
758 332
404 423
44 667
85 470
595 751
488 575
870 187
146 384
982 435
787 98
557 954
292 798
