326 874
544 998
966 909
697 490
486 223
490 819
416 874
51 961
518 37
167 923
345 170
921 725
475 964
439 549
705 955
326 202
138 713
836 258
811 436
77 494
950 219
868 28
843 608
956 547
839 497
334 927
675 932
978 884
446 76
896 159
820 685
797 448
255 253
920 10
445 553
868 420
734 202
670 901
516 102
278 375
789 652
420 236
448 520
434 194
154 73
390 941
841 199
598 966
250 78
753 847
80 400
707 514
78 254
505 289
337 978
477 479
971 801
969 501
651 69
153 708
638 20
361 475
480 865
651 24
525 845
621 408
661 221
749 203
611 115
537 26
904 828
779 90
121 720
164 293
906 513
626 863
103 156
173 874
404 223
880 715
394 964
338 123
318 266
487 458
613 689
777 26
364 820
107 512
527 243
338 572
324 31
641 921
252 805
219 694
148 691
475 858
416 259
745 74
370 39
239 812
873 699
951 829
597 558
592 272
880 209
698 79
761 118
110 621
728 658
172 974
792 506
920 97
924 646
353 557
54 416
528 506
791 107
932 539
52 498
836 807
305 855
425 759
728 964
706 925
495 10
454 617
924 77
447 72
248 82
850 602
696 706
632 700
820 849
471 84
121 567
301 839
118 463
789 279
932 157
11 835
422 340
116 977
7 520
28 655
652 424
296 191
582 887
907 397
418 523
727 939
554 597
216 189
398 200
528 647
39 471
540 691
862 679
419 959
465 350
261 203
568 540
495 567
887 989
537 271
712 960
52 497
846 898
530 876
366 86
994 126
89 506
805 46
512 87
842 575
136 535
734 926
181 768
276 554
990 950
101 768
6 412
319 916
463 102
812 821
480 100
712 424
256 121
926 874
714 709
249 258
473 117
564 222
142 768
899 452
903 111
307 718
277 987
588 5
598 476
137 515
748 53
617 511
269 22
603 566
564 640
337 865
198 753
460 904
277 135
975 108
749 467
802 451
836 685
147 611
330 148
663 528
647 255
549 630
493 226
454 622
526 92
142 310
963 790
248 66
743 556
675 663
959 912
661 870
176 768
958 176
418 624
325 244
408 714
482 488
372 386
686 249
445 895
431 945
508 652
158 761
42 391
84 346
837 370
759 137
959 669
380 343
580 303
241 922
575 383
824 987
488 860
288 372
295 246
579 125
425 421
919 586
184 148
454 72
903 607
201 802
152 347
237 724
358 436
721 591
50 424
685 393
576 845
954 449
820 311
77 867
238 137
232 727
68 415
28 112
747 501
690 741
777 504
271 683
423 71
737 590
710 264
651 886
162 93
278 89
601 422
392 854
726 617
758 613
202 650
316 307
883 7
273 153
810 608
634 761
486 198
685 739
70 240
871 665
811 920
128 576
667 675
750 633
429 624
931 223
823 480
684 896
747 860
650 829
14 595
194 26
227 96
410 515
637 429
62 166
963 251
729 457
723 925
631 10
870 143
828 224
822 485
808 521
844 989
890 248
719 181
63 39
524 549
840 530
489 845
569 79
527 459
994 260
45 527
762 615
510 757
963 970
988 89
661 157
549 987
789 227
996 536
133 818
73 682
254 885
606 141
799 766
646 252
554 637
39 320
122 673
734 515
590 969
413 465
595 708
129 582
529 167
803 356
922 173
944 137
292 369
180 654
627 752
789 10
261 552
381 502
876 633
684 641
19 859
191 274
648 445
656 806
669 903
320 479
215 524
50 430
226 857
230 524
923 480
787 468
683 333
850 807
599 207
986 327
173 451
575 923
21 494
632 455
625 487
912 26
191 905
177 657
98 46
68 764
887 573
729 296
895 37
74 134
853 739
224 441
315 52
944 290
211 265
470 912
560 175
428 775
44 324
56 622
941 133
45 688
630 490
798 450
996 317
784 749
624 419
194 821
782 892
84 317
578 258
988 748
777 719
703 971
953 275
427 16
689 956
407 663
796 530
164 170
986 600
187 702
132 594
108 301
220 604
2 170
239 432
594 376
918 900
242 353
712 451
407 607
400 267
10 92
24 134
39 164
449 541
320 341
298 787
568 723
94 471
976 512
71 825
517 809
105 266
398 794
865 372
685 697
395 664
514 932
10 85
982 299
859 818
380 27
351 165
603 332
697 762
263 600
237 644
451 817
466 705
32 774
705 441
484 117
421 74
390 883
195 462
915 494
716 903
355 162
532 87
731 939
19 582
265 360
241 98
264 160
109 902
540 252
569 528
645 177
854 345
96 506
542 166
377 223
609 919
526 467
960 421
398 419
286 586
551 782
457 289
813 603
19 18
