0 255535.03
1 255535.03
2 255535.03
3 255296.75
4 255296.75
5 255296.75
6 255175.50
7 255175.50
8 255175.50
9 255175.50
10 255175.50
11 255175.50
12 255045.90
13 254909.03
14 254878.81
15 254176.41
16 254176.41
17 254176.41
18 254176.41
19 254112.95
20 254112.95
21 253826.08
22 253654.12
23 253654.12
24 253654.12
25 253654.12
26 253654.12
27 253654.12
28 253516.88
29 253516.88
30 253483.90
31 253483.90
32 253483.90
33 253483.90
34 253407.05
35 253089.14
36 253089.14
37 253089.14
38 253089.14
39 253089.14
40 252894.59
41 252894.59
42 252192.66
43 251761.84
44 251480.99
45 251189.97
46 250618.04
47 250618.04
48 250618.04
49 250618.04
50 250494.89
51 250308.17
52 250300.84
53 250300.84
54 250300.84
55 250300.84
56 250300.84
57 250300.84
58 250300.84
59 250300.84
60 249907.87
61 249907.87
62 249796.58
63 249796.58
64 249796.58
65 249628.52
66 249529.04
67 249529.04
68 249088.12
69 249088.12
70 249088.12
71 249088.12
72 248570.07
73 248559.12
74 248559.12
75 248559.12
76 248104.09
77 247866.74
78 247866.74
79 247866.74
80 247866.74
81 247421.47
82 246991.54
83 246991.54
84 246991.54
85 246991.54
86 246991.54
87 246991.54
88 246991.54
89 246991.54
90 246756.31
91 246756.31
92 246756.31
93 246756.31
94 246756.31
95 246756.31
96 246756.31
97 246756.31
98 246756.31
99 246756.31
100 246756.31
101 246756.31
102 246342.59
103 246342.59
104 246244.31
105 246244.31
106 245720.45
107 245720.45
108 245720.45
109 245720.45
110 245621.53
111 245441.48
112 245441.48
113 245441.48
114 245441.48
115 245441.48
116 245122.14
117 245122.14
118 245122.14
119 244884.06
120 244429.39
121 244429.39
122 244429.39
123 244429.39
124 244170.99
125 244006.25
126 244006.25
127 244006.25
128 244006.25
129 244006.25
130 244006.25
131 244006.25
132 244006.25
133 244006.25
134 244006.25
135 243814.63
136 243057.24
137 243057.24
138 242608.93
139 242608.93
140 242608.93
141 242608.93
142 242608.93
143 242608.93
144 242608.93
145 242312.20
146 242312.20
147 242278.61
148 242036.30
149 242036.30
150 242036.30
151 241682.80
152 241682.80
153 241374.10
154 241374.10
155 241374.10
156 241374.10
157 241374.10
158 241374.10
159 241355.29
160 241143.68
161 240903.83
162 240827.25
163 240827.25
164 240827.25
165 240827.25
166 240383.47
167 239862.17
168 239439.30
169 238944.57
170 238866.41
171 238704.42
172 238704.42
173 238486.97
174 238486.97
175 238486.97
176 238486.97
177 238486.97
178 238486.97
179 237961.34
180 237961.34
181 237689.19
182 237135.25
183 237133.10
184 236815.45
185 236815.45
186 236815.45
187 236802.77
188 236423.29
189 236219.48
190 236219.48
191 236208.35
192 236208.35
193 235878.09
194 235878.09
195 235793.54
196 235793.54
197 235622.81
198 235430.79
199 235430.79
200 235430.79
201 235168.23
202 235110.23
203 235110.23
204 235110.23
205 235110.23
206 235110.23
207 234567.40
208 234567.40
209 234466.45
210 234466.45
211 234466.45
212 234466.45
213 234393.76
214 234393.76
215 234393.76
216 234332.97
217 234332.97
218 233912.07
219 233580.72
220 233285.30
221 233285.30
222 233285.30
223 233285.30
224 233138.83
225 232805.26
226 232805.26
227 232805.26
228 232336.89
229 232336.89
230 232336.89
231 232336.89
232 232336.89
233 232336.89
234 232036.94
235 232036.94
236 231910.37
237 231910.37
238 231910.37
239 231910.37
240 231910.37
241 231474.98
242 230957.71
243 230939.33
244 230777.25
245 230777.25
246 230777.25
247 230777.25
248 230777.25
249 230777.25
250 230777.25
251 230777.25
252 230777.25
253 230777.25
254 230691.93
255 230691.93
256 230491.14
257 230491.14
258 229921.91
259 229921.91
260 229850.53
261 229807.23
262 229807.23
263 229364.20
264 229213.18
265 229213.18
266 228735.99
267 228719.72
268 228622.50
269 228468.37
270 228413.25
271 228413.25
272 228413.25
273 228413.25
274 228413.25
275 228413.25
276 228197.65
277 228029.23
278 228029.23
279 227963.86
280 227829.34
281 227829.34
282 227675.46
283 227340.34
284 227340.34
285 227340.34
286 227340.34
287 227340.34
288 227340.34
289 226630.50
290 226242.80
291 225759.93
292 225759.93
293 225207.50
294 225041.41
295 225041.41
296 225041.41
297 224556.10
298 224556.10
299 224526.32
300 224526.32
301 224286.80
302 224135.04
303 224135.04
304 223887.43
305 223887.43
306 223764.90
307 223764.90
308 223764.90
309 223703.90
310 223513.50
311 223383.03
312 223383.03
313 223383.03
314 223322.26
315 223194.84
316 223009.11
317 223009.11
318 223009.11
319 223009.11
320 222661.85
321 222661.85
322 222318.31
323 222318.31
324 222318.31
325 222318.31
326 222254.56
327 222254.56
328 222254.56
329 222254.56
330 222254.56
331 222254.56
332 222254.56
333 221515.01
334 221460.52
335 221460.52
336 221460.52
337 221374.83
338 221374.83
339 221374.83
340 221374.83
341 221258.07
342 220657.80
343 220655.63
344 220655.63
345 220419.60
346 220296.22
347 220170.38
348 220170.38
349 220170.38
350 220170.38
351 220069.44
352 219911.10
353 219911.10
354 219839.44
355 219789.22
356 219789.22
357 219789.22
358 219789.22
359 219789.22
360 219035.01
361 218547.21
362 218547.21
363 218051.44
364 217892.62
365 217703.32
366 217703.32
367 217637.91
368 217637.91
369 217484.33
370 217484.33
371 217237.50
372 217154.96
373 217154.96
374 217154.96
375 217154.96
376 217154.96
377 217154.96
378 217154.96
379 217154.96
380 217154.96
381 217097.36
382 216944.86
383 216356.65
384 215835.73
385 215835.73
386 215624.02
387 215484.93
388 215041.35
389 215041.35
390 215041.35
391 215041.35
392 215041.35
393 215041.35
394 215041.35
395 215041.35
396 214921.93
397 214921.93
398 214831.53
399 214831.53
400 214831.53
401 214831.53
402 214370.78
403 214185.06
404 213667.82
405 213667.82
406 213282.18
407 213282.18
408 213282.18
409 213282.18
410 213282.18
411 213282.18
412 213282.18
413 213282.18
414 212903.54
415 212903.54
416 212903.54
417 212903.54
418 212903.54
419 212903.54
420 212903.54
421 212903.54
422 212903.54
423 212890.73
424 212890.73
425 212484.79
426 211842.35
427 211698.49
428 211487.87
429 211247.80
430 211247.80
431 211247.80
432 211141.52
433 211141.52
434 211141.52
435 211008.14
436 211008.14
437 211008.14
438 210850.34
439 210850.34
440 210850.34
441 210850.34
442 210476.41
443 210101.24
444 210101.24
445 209992.56
446 209923.27
447 209725.19
448 209725.19
449 209722.81
450 209722.81
451 209722.81
452 209085.10
453 209085.10
454 208987.47
455 208987.47
456 208987.47
457 208987.47
458 208987.47
459 208987.47
460 208987.47
461 208649.84
462 208649.84
463 208649.84
464 208526.21
465 208526.21
466 208526.21
467 208513.62
468 208493.91
469 208493.91
470 208493.91
471 208493.91
472 208493.91
473 208409.54
474 208409.54
475 208409.54
476 208348.70
477 208326.06
478 208192.10
479 208192.10
480 208192.10
481 207986.01
482 207986.01
483 207986.01
484 207986.01
485 207823.73
486 207683.65
487 207246.23
488 207246.23
489 207187.21
490 207187.21
491 207187.21
492 207165.32
493 207165.32
494 206675.39
495 206254.90
496 206254.90
497 206254.90
498 206254.90
499 206036.83
500 205933.48
501 205594.00
502 205401.00
503 205145.80
504 205145.80
505 205145.80
506 205145.80
507 205145.80
508 204703.58
509 204462.25
510 204139.33
511 204139.33
512 204139.33
513 204139.33
514 204139.33
515 204139.33
516 203730.92
517 203730.92
518 203730.92
519 203730.92
520 203721.00
521 203721.00
522 203721.00
523 203721.00
524 203721.00
525 203721.00
526 203721.00
527 203721.00
528 203721.00
529 203643.63
530 203643.63
531 203643.63
532 203643.63
533 203643.63
534 203517.05
535 203517.05
536 203517.05
537 203517.05
538 203129.91
539 203017.15
540 203017.15
541 202931.87
542 202931.87
543 202931.87
544 202847.20
545 202847.20
546 202847.20
547 202520.77
548 202520.77
549 202143.60
550 201990.36
551 201644.43
552 201644.43
553 201644.43
554 201644.43
555 201644.43
556 201644.43
557 201644.43
558 201484.25
559 201484.25
560 201389.63
561 201389.63
562 201389.63
563 201389.63
564 201389.63
565 201148.36
566 201148.36
567 200868.12
568 200868.12
569 200719.57
570 200719.57
571 200719.57
572 200719.57
573 200719.57
574 200719.57
575 200481.22
576 200481.22
577 200481.22
578 200442.06
579 200442.06
580 200442.06
581 200294.31
582 200294.31
583 200294.31
584 200178.79
585 200178.79
586 200178.79
587 200178.79
588 199777.40
589 199777.40
590 199673.83
591 199654.18
592 199647.51
593 199647.51
594 199647.51
595 199621.87
596 199621.87
597 199346.75
598 199346.75
599 199346.75
600 199346.75
601 199346.75
602 199196.63
603 199196.63
604 198998.85
605 198858.91
606 198790.26
607 198790.26
608 198486.46
609 198436.40
610 198425.86
611 198425.86
612 198176.45
613 198176.45
614 198176.45
615 198176.45
616 197770.63
617 197286.22
618 197286.22
619 197286.22
620 197286.22
621 197159.41
622 197159.41
623 197159.41
624 197159.41
625 197159.41
626 197159.41
627 197159.41
628 197159.41
629 196848.63
630 196848.63
631 196848.63
632 196848.63
633 196647.69
634 196634.00
635 196634.00
636 196157.68
637 196157.68
638 196157.68
639 196157.68
640 196120.42
641 196120.42
642 195924.96
643 195924.96
644 195894.09
645 195894.09
646 195894.09
647 195456.78
648 195456.78
649 194821.38
650 194821.38
651 194821.38
652 194608.21
653 194552.77
654 194552.77
655 194238.12
656 194238.12
657 194154.59
658 194154.59
659 194154.59
660 193587.64
661 193587.64
662 193587.64
663 193587.64
664 193587.64
665 193587.64
666 193377.08
667 193377.08
668 193377.08
669 193377.08
670 193377.08
671 193377.08
672 193293.53
673 193293.53
674 193293.53
675 193045.95
676 192975.27
677 192540.78
678 192336.02
679 192336.02
680 192310.14
681 192273.71
682 192273.71
683 192080.34
684 191938.68
685 191938.68
686 191938.68
687 191557.53
688 191557.53
689 191557.53
690 191557.53
691 191557.53
692 191438.06
693 191438.06
694 191438.06
695 191438.06
696 191205.03
697 191205.03
698 191205.03
699 191189.69
700 191189.69
701 191189.69
702 191189.69
703 191189.69
704 191189.69
705 191189.69
706 191189.69
707 191189.69
708 191189.69
709 191189.69
710 191189.69
711 191189.69
712 190847.24
713 190847.24
714 190754.58
715 190754.58
716 190754.58
717 190754.58
718 190557.23
719 190557.23
720 190484.45
721 190205.03
722 190205.03
723 190205.03
724 190205.03
725 190205.03
726 190205.03
727 190205.03
728 190077.13
729 190060.81
730 189669.13
731 189571.08
732 189571.08
733 189458.73
734 189458.73
735 189458.73
736 189219.05
737 189219.05
738 189219.05
739 189110.77
740 189110.77
741 189110.77
742 189020.76
743 188833.70
744 188833.70
745 188833.70
746 188581.11
747 188499.69
748 188499.69
749 188499.69
750 188499.69
751 188499.69
752 188403.69
753 188333.30
754 188333.30
755 188333.30
756 188333.30
757 188171.33
758 188171.33
759 188171.33
760 188171.33
761 188171.33
762 188171.33
763 188171.33
764 187833.22
765 187833.22
766 187332.97
767 187332.97
768 187332.97
769 187332.97
770 187332.97
771 187332.97
772 187036.08
773 187036.08
774 186760.69
775 186760.69
776 186456.15
777 186456.15
778 186456.15
779 186456.15
780 186456.15
781 186456.15
782 186456.15
783 186456.15
784 186456.15
785 186456.15
786 186456.15
787 186456.15
788 186456.15
789 186456.15
790 186456.15
791 186456.15
792 186456.15
793 186456.15
794 186456.15
795 186456.15
796 186283.06
797 186283.06
798 186283.06
799 186283.06
800 186283.06
801 186283.06
802 186272.32
803 186272.32
804 186116.53
805 186035.66
806 185914.33
807 185914.33
808 185914.33
809 185914.33
810 185455.13
811 185384.63
812 185384.63
813 185384.63
814 185384.63
815 185305.58
816 185305.58
817 185305.58
818 185305.58
819 185305.58
820 185305.58
821 185305.58
822 185198.25
823 185198.25
824 185198.25
825 185089.71
826 185089.71
827 185089.71
828 184966.74
829 184966.74
830 184966.74
831 184966.74
832 184966.74
833 184966.74
834 184966.74
835 184966.74
836 184966.74
837 184966.74
838 184966.74
839 184966.74
840 184966.74
841 184966.74
842 184966.74
843 184599.24
844 184219.39
845 184219.39
846 184219.39
847 183887.75
848 183887.75
849 183887.75
850 183887.75
851 183864.70
852 183537.05
853 183537.05
854 183463.54
855 183463.54
856 183463.54
857 183431.64
858 183431.64
859 183125.87
860 183125.87
861 183125.87
862 183125.87
863 183125.87
864 182657.13
865 182657.13
866 182657.13
867 182657.13
868 182657.13
869 182657.13
870 182557.16
871 182557.16
872 182557.16
873 182557.16
874 182447.00
875 182447.00
876 182026.32
877 182026.32
878 182026.32
879 182026.32
880 182026.32
881 182026.32
882 181998.75
883 181751.68
884 181751.68
885 181751.68
886 181751.68
887 181491.95
888 181491.95
889 181491.95
890 181491.95
891 181491.95
892 181491.95
893 180955.33
894 180955.33
895 180955.33
896 180674.72
897 180674.72
898 180674.72
899 180674.72
900 180674.72
901 180674.72
902 180674.72
903 180674.72
904 180674.72
905 180674.72
906 180674.72
907 180674.72
908 180674.72
909 180674.72
910 180573.15
911 180573.15
912 180377.63
913 180377.63
914 180377.63
915 180377.63
916 180377.28
917 180173.05
918 180173.05
919 180173.05
920 180139.48
921 180139.48
922 180139.48
923 180139.48
924 180139.48
925 180139.48
926 180139.48
927 180139.48
928 180139.48
929 180076.45
930 180076.45
931 180076.45
932 179987.13
933 179987.13
934 179987.13
935 179987.13
936 179987.13
937 179987.13
938 179987.13
939 179987.13
940 179987.13
941 179843.23
942 179843.23
943 179507.46
944 179359.26
945 179359.26
946 179359.26
947 179359.26
948 179359.26
949 179359.26
950 179359.26
951 179316.48
952 179316.48
953 179316.48
954 179238.49
955 179238.49
956 179238.49
957 179238.49
958 179238.49
959 179238.49
960 179238.49
961 179238.49
962 179238.49
963 179238.49
964 178886.57
965 178886.57
966 178886.57
967 178886.57
968 178886.57
969 178286.76
970 178174.48
971 178049.77
972 177819.45
973 177695.02
974 177695.02
975 177695.02
976 177695.02
977 177695.02
978 177589.97
979 177589.97
980 177589.97
981 177589.97
982 177426.10
983 177426.10
984 177426.10
985 177147.53
986 177147.53
987 177129.14
988 177129.14
989 177129.14
990 177129.14
991 177129.14
992 177129.14
993 176886.60
994 176886.60
995 176886.60
996 176886.60
997 176886.60
998 176850.76
999 176850.76
