0 255877.46
1 255877.46
2 255877.46
3 255877.46
4 255634.78
5 255634.78
6 255634.78
7 255634.78
8 255634.78
9 255615.80
10 255615.80
11 255615.80
12 255615.80
13 255615.80
14 255615.80
15 255615.80
16 255615.80
17 255615.80
18 255611.13
19 255611.13
20 255565.86
21 255565.86
22 255565.86
23 255565.86
24 255565.86
25 255565.86
26 255356.69
27 255128.85
28 254736.68
29 254622.90
30 254132.17
31 254132.17
32 253661.33
33 253492.68
34 253492.68
35 253492.68
36 253492.68
37 253492.68
38 253427.33
39 253089.43
40 252956.97
41 252956.97
42 252956.97
43 252956.97
44 252956.97
45 252758.99
46 252758.99
47 252758.99
48 252758.99
49 252758.99
50 252758.99
51 252659.08
52 252659.08
53 252659.08
54 252659.08
55 252659.08
56 252255.74
57 252255.74
58 252255.74
59 252255.74
60 252255.74
61 252255.74
62 252255.74
63 252150.09
64 251953.67
65 251610.04
66 251158.74
67 251158.74
68 251158.74
69 251158.74
70 251158.74
71 251158.74
72 251158.74
73 251048.81
74 250834.10
75 250825.58
76 250417.44
77 250010.32
78 250010.32
79 249906.36
80 249793.83
81 249793.83
82 249793.83
83 249793.83
84 249793.83
85 249793.83
86 249329.39
87 249329.39
88 249329.39
89 249329.39
90 249329.39
91 249073.42
92 248377.48
93 248377.48
94 248377.48
95 248155.56
96 248155.56
97 248155.56
98 248155.56
99 248155.56
100 247434.52
101 247052.55
102 247052.55
103 247052.55
104 247052.55
105 247052.55
106 247052.55
107 246977.27
108 246977.27
109 246579.42
110 246579.42
111 246579.42
112 246579.42
113 246436.84
114 246436.84
115 246436.84
116 246436.84
117 246355.30
118 246355.30
119 246102.15
120 246102.15
121 246102.15
122 246102.15
123 246102.15
124 246102.15
125 246102.15
126 246102.15
127 246102.15
128 245690.43
129 245235.68
130 244906.99
131 244906.99
132 244906.99
133 244906.99
134 244906.99
135 244906.99
136 244906.99
137 244906.99
138 244906.99
139 244904.03
140 244904.03
141 244904.03
142 244440.28
143 244127.21
144 243832.55
145 243596.35
146 243596.35
147 243504.13
148 243388.19
149 243388.19
150 243209.54
151 243126.88
152 243126.88
153 243126.88
154 243126.88
155 243126.88
156 243126.88
157 243126.88
158 243068.12
159 242823.18
160 242823.18
161 242273.38
162 242036.78
163 241733.69
164 241214.36
165 241214.36
166 240895.90
167 240776.70
168 240171.21
169 240171.21
170 240171.21
171 240171.21
172 240171.21
173 240080.63
174 240080.63
175 240021.13
176 239834.34
177 239834.34
178 239321.81
179 239321.81
180 239321.81
181 239321.81
182 238838.34
183 238609.12
184 238544.88
185 238130.82
186 238130.82
187 238130.82
188 237515.44
189 236810.30
190 236810.30
191 236649.00
192 236649.00
193 236649.00
194 236649.00
195 236563.98
196 236563.98
197 236563.98
198 236563.98
199 236486.79
200 236486.79
201 236486.79
202 236486.79
203 236486.79
204 236486.79
205 236417.04
206 236094.98
207 236094.98
208 236079.67
209 236079.67
210 236079.67
211 236079.67
212 235681.57
213 235681.57
214 235681.57
215 235569.16
216 235569.16
217 235266.99
218 235266.99
219 235266.99
220 235266.99
221 235266.99
222 235266.99
223 235266.99
224 235266.99
225 235266.99
226 235266.99
227 235266.99
228 234986.89
229 234775.58
230 234775.58
231 234775.58
232 234637.53
233 233771.28
234 233724.34
235 233724.34
236 233592.97
237 233575.40
238 233447.09
239 233447.09
240 233447.09
241 233445.33
242 233445.33
243 233181.48
244 233181.48
245 233181.48
246 233181.48
247 233057.24
248 233057.24
249 233057.24
250 232908.96
251 232796.03
252 232796.03
253 232796.03
254 232721.53
255 232675.48
256 232675.48
257 232675.48
258 232675.48
259 232675.48
260 232675.48
261 232329.81
262 232329.81
263 232329.81
264 232254.72
265 231875.82
266 231875.82
267 231556.27
268 231556.27
269 231556.27
270 231214.20
271 230865.34
272 230865.34
273 230679.07
274 230437.80
275 230437.80
276 230423.77
277 229912.73
278 229912.73
279 229594.52
280 229068.88
281 228966.12
282 228966.12
283 228966.12
284 228966.12
285 228966.12
286 228966.12
287 228966.12
288 228966.12
289 228867.54
290 228867.54
291 228867.54
292 228814.05
293 228768.60
294 228684.26
295 228635.50
296 228635.50
297 228048.55
298 228048.55
299 228048.55
300 227759.42
301 227325.65
302 227325.65
303 227109.09
304 226898.73
305 226801.84
306 226302.57
307 226302.57
308 226302.57
309 226302.57
310 226302.57
311 226221.99
312 226221.99
313 226022.58
314 225943.72
315 225943.72
316 225748.65
317 224941.31
318 224941.31
319 224541.58
320 224541.58
321 224541.58
322 224460.11
323 224460.11
324 224460.11
325 224460.11
326 224007.62
327 223949.38
328 223949.38
329 223763.52
330 223220.35
331 223220.35
332 223220.35
333 223220.35
334 223220.35
335 223220.35
336 223220.35
337 223220.35
338 222714.85
339 222714.85
340 222215.65
341 221603.17
342 221603.17
343 221592.07
344 221501.29
345 221501.29
346 221299.44
347 220783.46
348 220413.38
349 220413.38
350 220413.38
351 220413.38
352 220413.38
353 220245.14
354 220245.14
355 219976.29
356 219360.21
357 219360.21
358 218785.66
359 218220.07
360 218220.07
361 218220.07
362 218220.07
363 217921.36
364 217811.80
365 217811.80
366 217811.80
367 217811.80
368 217811.80
369 217811.80
370 217811.80
371 217616.18
372 217616.18
373 217251.82
374 217095.57
375 216990.04
376 216990.04
377 216990.04
378 216990.04
379 216990.04
380 216990.04
381 216990.04
382 216839.35
383 216824.06
384 216824.06
385 216824.06
386 216246.64
387 216094.72
388 216094.72
389 216094.72
390 215655.45
391 215655.45
392 215655.45
393 215607.99
394 215418.27
395 215418.27
396 215418.27
397 215418.27
398 215379.52
399 215379.52
400 215379.52
401 215379.52
402 215379.52
403 215379.52
404 215366.69
405 215366.69
406 215366.69
407 215366.69
408 215250.24
409 215250.24
410 214887.20
411 214800.54
412 214429.69
413 214429.69
414 214429.69
415 214429.69
416 214025.03
417 214025.03
418 214025.03
419 214025.03
420 214025.03
421 214025.03
422 214025.03
423 213604.30
424 213482.50
425 213482.50
426 213482.50
427 213482.50
428 213471.58
429 213471.58
430 213471.58
431 213471.58
432 213471.58
433 213471.58
434 213385.13
435 213385.13
436 213331.67
437 213331.67
438 213331.67
439 213331.67
440 213331.67
441 213061.45
442 213061.45
443 213061.45
444 213061.45
445 213061.45
446 212856.86
447 212856.86
448 212856.86
449 212500.53
450 212273.72
451 212273.72
452 212273.72
453 211821.54
454 211821.54
455 211821.54
456 211701.85
457 211626.40
458 211626.40
459 211626.40
460 211156.03
461 211156.03
462 211156.03
463 210657.63
464 210657.63
465 210657.63
466 210518.67
467 210518.67
468 210518.67
469 210315.58
470 210315.58
471 209877.13
472 209148.06
473 208941.86
474 208449.27
475 208057.96
476 207895.29
477 207895.29
478 207895.29
479 207895.29
480 207446.96
481 207275.57
482 207275.57
483 207275.57
484 207275.57
485 207275.57
486 207275.57
487 207275.57
488 207225.70
489 207225.70
490 207225.70
491 207116.30
492 207116.30
493 207116.30
494 207116.30
495 207116.30
496 207116.30
497 207116.30
498 206840.65
499 206840.65
500 206640.28
501 206640.28
502 206640.28
503 206640.28
504 206640.28
505 206640.28
506 206376.85
507 206376.85
508 206022.66
509 206022.66
510 206022.66
511 206022.66
512 206022.66
513 206000.69
514 206000.69
515 206000.69
516 205925.19
517 205890.37
518 205890.37
519 205578.51
520 205578.51
521 205578.51
522 205578.51
523 205578.51
524 205479.37
525 205416.96
526 205416.96
527 205416.96
528 205416.96
529 205416.96
530 205416.96
531 205416.96
532 204831.33
533 204831.33
534 204831.33
535 204527.12
536 204436.09
537 204436.09
538 204436.09
539 204396.75
540 204149.30
541 203801.34
542 203801.34
543 203586.62
544 203586.62
545 203586.62
546 203586.62
547 203507.58
548 203507.58
549 203371.34
550 202839.74
551 202741.39
552 202741.39
553 202741.39
554 202741.39
555 202667.61
556 202667.61
557 202667.61
558 202667.61
559 202667.61
560 202667.61
561 202308.67
562 202308.67
563 202308.67
564 202308.67
565 202308.67
566 202308.67
567 202308.67
568 202308.67
569 202206.96
570 202202.16
571 202202.16
572 202202.16
573 202202.16
574 202202.16
575 202202.16
576 202012.37
577 202012.37
578 202012.37
579 202012.37
580 202012.37
581 202012.37
582 201980.19
583 201980.19
584 201980.19
585 201980.19
586 201980.19
587 201980.19
588 201980.19
589 201910.49
590 201910.49
591 201910.49
592 201910.49
593 201715.79
594 201715.79
595 201715.79
596 201715.79
597 201308.31
598 201257.49
599 201257.49
600 200735.19
601 200735.19
602 200127.01
603 200127.01
604 200127.01
605 200124.51
606 199738.75
607 199738.75
608 199738.75
609 199738.75
610 199675.72
611 199675.72
612 199675.72
613 199608.73
614 199325.81
615 199325.81
616 199325.81
617 199325.81
618 199325.81
619 199101.60
620 199087.91
621 199087.91
622 199063.59
623 198760.03
624 198433.16
625 198268.15
626 198268.15
627 198268.15
628 198268.15
629 198268.15
630 198268.15
631 198249.00
632 198249.00
633 198249.00
634 198249.00
635 198249.00
636 198249.00
637 198249.00
638 198163.86
639 198163.86
640 198163.86
641 198163.86
642 198163.86
643 198163.86
644 197783.30
645 197783.30
646 197172.66
647 197172.66
648 197172.66
649 197172.66
650 197172.66
651 196868.97
652 196868.97
653 196868.97
654 196868.97
655 196787.31
656 196787.31
657 196787.31
658 196186.85
659 196186.85
660 195538.63
661 195538.63
662 195395.52
663 195395.52
664 195395.52
665 195395.52
666 195395.52
667 195395.52
668 195395.52
669 195395.52
670 195395.52
671 195395.52
672 195395.52
673 195395.52
674 195395.52
675 194886.79
676 194386.85
677 194386.85
678 194386.85
679 194386.85
680 194386.85
681 193808.14
682 193808.14
683 193808.14
684 193808.14
685 193808.14
686 193625.29
687 193625.29
688 193268.52
689 193268.52
690 193268.52
691 193268.52
692 192930.28
693 192930.28
694 192930.28
695 192930.28
696 192930.28
697 192930.28
698 192930.28
699 192930.28
700 192826.94
701 192826.94
702 192826.94
703 192826.94
704 192826.94
705 192590.17
706 192590.17
707 192590.17
708 192590.17
709 192235.32
710 192214.39
711 191827.82
712 191827.82
713 191698.84
714 191698.84
715 191642.76
716 191623.28
717 190810.25
718 190810.25
719 190810.25
720 190810.25
721 190810.25
722 190722.69
723 190722.69
724 190722.69
725 190722.69
726 190722.69
727 190496.45
728 190243.87
729 190104.62
730 190104.62
731 190104.62
732 190104.62
733 190104.62
734 190016.55
735 189766.01
736 189695.57
737 189695.57
738 189448.80
739 189448.80
740 189299.51
741 189299.51
742 189299.51
743 188948.15
744 188779.16
745 188779.16
746 188779.16
747 188409.58
748 188409.58
749 188409.58
750 188250.20
751 188250.20
752 188250.20
753 188250.20
754 188250.20
755 188250.20
756 188250.20
757 187953.65
758 187927.92
759 187597.58
760 187291.55
761 187291.55
762 187235.61
763 187235.61
764 187163.22
765 186929.08
766 186929.08
767 186929.08
768 186929.08
769 186929.08
770 186929.08
771 186929.08
772 186422.73
773 186385.94
774 186385.94
775 186267.95
776 186267.95
777 186267.95
778 186267.95
779 186149.94
780 186149.94
781 185954.40
782 185954.40
783 185954.40
784 185954.40
785 185954.40
786 185954.40
787 185954.40
788 185954.40
789 185954.40
790 185954.40
791 185954.40
792 185954.40
793 185882.89
794 185821.06
795 185741.01
796 185618.50
797 185618.50
798 185618.50
799 185618.50
800 185618.50
801 185380.99
802 185380.99
803 185380.99
804 184670.78
805 184670.78
806 184392.29
807 184392.29
808 183972.63
809 183972.63
810 183917.28
811 183670.11
812 183380.39
813 183380.39
814 183380.39
815 183380.39
816 183309.64
817 183309.64
818 183309.64
819 183309.64
820 183309.64
821 183309.64
822 183309.64
823 182797.13
824 182153.88
825 182139.83
826 181808.69
827 181808.69
828 181808.69
829 181808.69
830 181808.69
831 181808.69
832 181390.59
833 181390.59
834 181390.59
835 181390.59
836 181390.59
837 181390.59
838 181390.59
839 181239.70
840 181239.70
841 181239.70
842 181239.70
843 181239.70
844 181239.70
845 181129.36
846 181094.53
847 181094.53
848 181094.53
849 181094.53
850 181094.53
851 181094.53
852 181094.53
853 180995.38
854 180995.38
855 180866.78
856 180866.78
857 180808.09
858 180578.14
859 180578.14
860 180578.14
861 180578.14
862 180578.14
863 180578.14
864 180414.85
865 180414.85
866 180414.85
867 180414.85
868 180414.85
869 180414.85
870 180414.85
871 180414.85
872 180110.53
873 180110.53
874 180110.53
875 180110.53
876 180110.53
877 180110.53
878 180110.53
879 179631.93
880 179631.93
881 179631.93
882 179631.93
883 179631.93
884 179631.93
885 179405.92
886 179405.92
887 179405.92
888 179405.92
889 179405.92
890 179405.92
891 179405.92
892 179405.92
893 179405.92
894 179405.92
895 179405.92
896 179405.92
897 179405.92
898 179405.92
899 179321.02
900 179321.02
901 179321.02
902 179321.02
903 179092.15
904 179092.15
905 179092.15
906 179092.15
907 179092.15
908 179092.15
909 179092.15
910 179092.15
911 178642.36
912 178642.36
913 178642.36
914 178642.36
915 178619.64
916 178619.64
917 178619.64
918 178619.64
919 178619.64
920 178619.64
921 178305.39
922 178305.39
923 178305.39
924 178305.39
925 177846.52
926 177222.92
927 177222.92
928 177222.92
929 177222.92
930 177156.48
931 177156.48
932 177156.48
933 176890.48
934 176721.57
935 176721.57
936 176721.57
937 176544.27
938 175860.16
939 175653.51
940 175653.51
941 175600.06
942 175600.06
943 175600.06
944 175600.06
945 175600.06
946 175600.06
947 175600.06
948 175600.06
949 175600.06
950 175600.06
951 175600.06
952 175563.19
953 175563.19
954 175563.19
955 175563.19
956 175563.19
957 175563.19
958 175420.57
959 175420.57
960 175420.57
961 175420.57
962 175420.57
963 175317.02
964 175317.02
965 175317.02
966 175317.02
967 175146.60
968 175146.60
969 174893.72
970 174893.72
971 174775.13
972 174346.94
973 174346.94
974 174346.94
975 174346.94
976 174346.94
977 174154.93
978 174154.93
979 174154.93
980 174154.93
981 173767.95
982 173767.95
983 173767.95
984 173767.95
985 173767.95
986 173767.95
987 173767.95
988 173542.19
989 173462.79
990 173462.79
991 173462.79
992 173418.23
993 173418.23
994 173418.23
995 173418.23
996 173418.23
997 173418.23
998 173418.23
999 173203.49
1000 173203.49
1001 173203.49
1002 173203.49
1003 172941.21
1004 172941.21
1005 172941.21
1006 172266.03
1007 172266.03
1008 172008.66
1009 172008.66
1010 172008.66
1011 172008.66
1012 172008.66
1013 172008.66
1014 172008.66
1015 171661.09
1016 171661.09
1017 171661.09
1018 171634.05
1019 171634.05
1020 171634.05
1021 171634.05
1022 171634.05
1023 171562.60
1024 171562.60
1025 171431.42
1026 171431.42
1027 171431.42
1028 171431.42
1029 171431.42
1030 171216.37
1031 171119.76
1032 171119.76
1033 171119.76
1034 171119.76
1035 171119.76
1036 171101.17
1037 171041.65
1038 171041.65
1039 171041.65
1040 171041.65
1041 171041.65
1042 170530.23
1043 170530.23
1044 170530.23
1045 170530.23
1046 170434.95
1047 170434.95
1048 170434.95
1049 170434.95
1050 170434.95
1051 170434.95
1052 170434.95
1053 170434.95
1054 169997.91
1055 169997.91
1056 169997.91
1057 169997.91
1058 169927.33
1059 169927.33
1060 169927.33
1061 169927.33
1062 169927.33
1063 169927.33
1064 169927.33
1065 169927.33
1066 169927.33
1067 169782.89
1068 169782.89
1069 169782.89
1070 169534.65
1071 169534.65
1072 169319.42
1073 169319.42
1074 169319.42
1075 169319.42
1076 169319.42
1077 169172.92
1078 168783.25
1079 168783.25
1080 168734.59
1081 168734.59
1082 168700.24
1083 168700.24
1084 168700.24
1085 168700.24
1086 168634.31
1087 168057.23
1088 168057.23
1089 168057.23
1090 168057.23
1091 167809.66
1092 167809.66
1093 167504.57
1094 167433.35
1095 167433.35
1096 167298.12
1097 167298.12
1098 167298.12
1099 167298.12
1100 167298.12
1101 166971.57
1102 166971.57
1103 166853.64
1104 166853.64
1105 166683.43
1106 166683.43
1107 166683.43
1108 166683.43
1109 166683.43
1110 166683.43
1111 166683.43
1112 166683.43
1113 166683.43
1114 166337.82
1115 166282.86
1116 166282.86
1117 166282.86
1118 166282.86
1119 166282.86
1120 166076.58
1121 165926.66
1122 165926.66
1123 165926.66
1124 165926.66
1125 165926.66
1126 165926.66
1127 165926.66
1128 165614.16
1129 165614.16
1130 165614.16
1131 165614.16
1132 165538.33
1133 165538.33
1134 165538.33
1135 165538.33
1136 165538.33
1137 165538.33
1138 165406.61
1139 165406.61
1140 165406.61
1141 165406.61
1142 165348.17
1143 165348.17
1144 165348.17
1145 165348.17
1146 165161.08
1147 165161.08
1148 165161.08
1149 165161.08
1150 165161.08
1151 165074.55
1152 165074.55
1153 165074.55
1154 164753.25
1155 164753.25
1156 164753.25
1157 164753.25
1158 164753.25
1159 164753.25
1160 164753.25
1161 164662.29
1162 164662.29
1163 164662.29
1164 164625.64
1165 164625.64
1166 164625.64
1167 164575.17
1168 164575.17
1169 164575.17
1170 164575.17
1171 164575.17
1172 164575.17
1173 164575.17
1174 164575.17
1175 164319.89
1176 164319.89
1177 164103.57
1178 164103.57
1179 163705.19
1180 163705.19
1181 163705.19
1182 163253.83
1183 163253.83
1184 163253.83
1185 163253.83
1186 162984.57
1187 162984.57
1188 162875.35
1189 162875.35
1190 162875.35
1191 162875.35
1192 162875.35
1193 162875.35
1194 162846.40
1195 162846.40
1196 162846.40
1197 162846.40
1198 162696.37
1199 162696.37
1200 162696.37
1201 162696.37
1202 162696.37
1203 162490.07
1204 162317.01
1205 161887.07
1206 161869.69
1207 161869.69
1208 161869.69
1209 161869.69
1210 161778.96
1211 161778.96
1212 161778.96
1213 161778.96
1214 161778.96
1215 161778.96
1216 161778.96
1217 161778.96
1218 161778.96
1219 161278.60
1220 161278.60
1221 161278.60
1222 161278.60
1223 161278.60
1224 161278.60
1225 161278.60
1226 161278.60
1227 161278.60
1228 161021.36
1229 160869.54
1230 160869.54
1231 160869.54
1232 160858.62
1233 160682.55
1234 160682.55
1235 160682.55
1236 160682.55
1237 160682.55
1238 160682.55
1239 160682.55
1240 160682.55
1241 160682.55
1242 160682.55
1243 160682.55
1244 160339.12
1245 160339.12
1246 160339.12
1247 160339.12
1248 160339.12
1249 160339.12
1250 160339.12
1251 160339.12
1252 160187.60
1253 160187.60
1254 160187.60
1255 160187.60
1256 160187.60
1257 160073.85
1258 160073.85
1259 159585.10
1260 159543.01
1261 159543.01
1262 159417.09
1263 158962.84
1264 158962.84
1265 158958.20
1266 158958.20
1267 158958.20
1268 158958.20
1269 158958.20
1270 158887.13
1271 158753.55
1272 158753.55
1273 158689.40
1274 158689.40
1275 158689.40
1276 158624.54
1277 158624.54
1278 158508.47
1279 158361.26
1280 158361.26
1281 158361.26
1282 158361.26
1283 158361.26
1284 158361.26
1285 158361.26
1286 158361.26
1287 158361.26
1288 158361.26
1289 158361.26
1290 158361.26
1291 158361.26
1292 158361.26
1293 158349.52
1294 158349.52
1295 158349.52
1296 158349.52
1297 158349.52
1298 158349.52
1299 158259.03
1300 158259.03
1301 158259.03
1302 158259.03
1303 158258.02
1304 158048.23
1305 158048.23
1306 158048.23
1307 158048.23
1308 158048.23
1309 158048.23
1310 158048.23
1311 157811.54
1312 157773.49
1313 157773.49
1314 157773.49
1315 157443.47
1316 157443.47
1317 157443.47
1318 157443.47
1319 157443.47
1320 157443.47
1321 157443.47
1322 157443.47
1323 157443.47
1324 157443.47
1325 157443.47
1326 157443.47
1327 157443.47
1328 157443.47
1329 157443.47
1330 157328.78
1331 157328.78
1332 157328.78
1333 157328.78
1334 157328.78
1335 157328.78
1336 157328.78
1337 157328.78
1338 157328.78
1339 157326.65
1340 157326.65
1341 157326.65
1342 156984.26
1343 156984.26
1344 156984.26
1345 156984.26
1346 156984.26
1347 156793.53
1348 156793.53
1349 156793.53
1350 156793.53
1351 156793.53
1352 156793.53
1353 156793.53
1354 156765.57
1355 156765.57
1356 156422.37
1357 156422.37
1358 156422.37
1359 155998.57
1360 155982.71
1361 155982.71
1362 155982.71
1363 155982.71
1364 155982.71
1365 155982.71
1366 155982.71
1367 155982.71
1368 155982.71
1369 155982.71
1370 155982.71
1371 155982.71
1372 155982.71
1373 155749.16
1374 155749.16
1375 155739.88
1376 155739.88
1377 155713.90
1378 155713.90
1379 155713.90
1380 155713.90
1381 155713.90
1382 155711.50
1383 155711.50
1384 155711.50
1385 155711.50
1386 155711.50
1387 155677.26
1388 155664.00
1389 155664.00
1390 155636.30
1391 155636.30
1392 155636.30
1393 155636.30
1394 155636.30
1395 155636.30
1396 155636.30
1397 155485.24
1398 155353.08
1399 155353.08
1400 155353.08
1401 155353.08
1402 155353.08
1403 155353.08
1404 155295.79
1405 155159.13
1406 155159.13
1407 155102.06
1408 155102.06
1409 155102.06
1410 155102.06
1411 154950.02
1412 154950.02
1413 154950.02
1414 154950.02
1415 154950.02
1416 154950.02
1417 154950.02
1418 154950.02
1419 154950.02
1420 154950.02
1421 154822.40
1422 154822.40
1423 154822.40
1424 154822.40
1425 154822.40
1426 154822.40
1427 154822.40
1428 154822.40
1429 154801.42
1430 154801.42
1431 154801.42
1432 154801.42
1433 154801.42
1434 154801.42
1435 154801.42
1436 154801.42
1437 154801.42
1438 154801.42
1439 154801.42
1440 154801.42
1441 154801.42
1442 154801.42
1443 154801.42
1444 154801.42
1445 154801.42
1446 154801.42
1447 154801.42
1448 154801.42
1449 154801.42
1450 154801.42
1451 154785.70
1452 154785.70
1453 154773.42
1454 154773.42
1455 154773.42
1456 154394.62
1457 153898.78
1458 153898.78
1459 153292.74
1460 153292.74
1461 153292.74
1462 153260.63
1463 153260.63
1464 153119.84
1465 152841.94
1466 152841.94
1467 152841.94
1468 152772.98
1469 152772.98
1470 152772.98
1471 152772.98
1472 152772.98
1473 152772.98
1474 152772.98
1475 152772.98
1476 152772.98
1477 152772.98
1478 152550.52
1479 152550.52
1480 152550.52
1481 152442.09
1482 152181.30
1483 152181.30
1484 152181.30
1485 152181.30
1486 152181.30
1487 152181.30
1488 152181.30
1489 152181.30
1490 152181.30
1491 152181.30
1492 152181.30
1493 152181.30
1494 152181.30
1495 152181.30
1496 152181.30
1497 152181.30
1498 151741.78
1499 151741.78
1500 151741.78
1501 151741.78
1502 151741.78
1503 151637.24
1504 151517.66
1505 151293.82
1506 151293.82
1507 151293.82
1508 151293.82
1509 151293.82
1510 151293.82
1511 151293.82
1512 151293.82
1513 151293.82
1514 151293.82
1515 151268.37
1516 151268.37
1517 151268.37
1518 151268.37
1519 151268.37
1520 151268.37
1521 151250.43
1522 151250.43
1523 150616.90
1524 150616.90
1525 150616.90
1526 150616.90
1527 150616.90
1528 150616.90
1529 150616.90
1530 150616.90
1531 150573.56
1532 150536.59
1533 150536.59
1534 150536.59
1535 150536.59
1536 150536.59
1537 150536.59
1538 150536.59
1539 150040.30
1540 150040.30
1541 150040.30
1542 149692.98
1543 149692.98
1544 149692.98
1545 149692.98
1546 149692.98
1547 149692.98
1548 149692.98
1549 149692.98
1550 149692.98
1551 149692.98
1552 149567.22
1553 149567.22
1554 149567.22
1555 149558.20
1556 149558.20
1557 149558.20
1558 149420.03
1559 149409.20
1560 149409.20
1561 149409.20
1562 149409.20
1563 149409.20
1564 149409.20
1565 149409.20
1566 149409.20
1567 149409.20
1568 149409.20
1569 149409.20
1570 149409.20
1571 149409.20
1572 149193.15
1573 149193.15
1574 149191.62
1575 149191.62
1576 149191.62
1577 149191.62
1578 149191.62
1579 149191.62
1580 149191.62
1581 149191.62
1582 149123.71
1583 149123.71
1584 149123.71
1585 149123.71
1586 149123.71
1587 149062.03
1588 149062.03
1589 148944.90
1590 148944.90
1591 148944.90
1592 148944.90
1593 148944.90
1594 148835.84
1595 148835.84
1596 148523.84
1597 148523.84
1598 148523.84
1599 148523.84
1600 148523.84
1601 148523.84
1602 148523.84
1603 148523.84
1604 148499.95
1605 148499.95
1606 148426.00
1607 148426.00
1608 148426.00
1609 148426.00
1610 148426.00
1611 148426.00
1612 148426.00
1613 148426.00
1614 148426.00
1615 148426.00
1616 148185.81
1617 148185.81
1618 148185.81
1619 148185.81
1620 148185.81
1621 148185.81
1622 148185.81
1623 148075.54
1624 148075.54
1625 148075.54
1626 148075.54
1627 148075.54
1628 148075.54
1629 148075.54
1630 147930.72
1631 147930.72
1632 147930.72
1633 147930.72
1634 147930.72
1635 147930.72
1636 147930.72
1637 147930.72
1638 147598.82
1639 147598.82
1640 147598.82
1641 147598.82
1642 147598.82
1643 147598.82
1644 147598.82
1645 147598.82
1646 147339.62
1647 147339.62
1648 147339.62
1649 147339.62
1650 147339.62
1651 147339.62
1652 147339.62
1653 147339.62
1654 147339.62
1655 147339.62
1656 147339.62
1657 147066.79
1658 147066.79
1659 146662.78
1660 146662.78
1661 146627.53
1662 146627.53
1663 146627.53
1664 146627.53
1665 146627.53
1666 146457.25
1667 146457.25
1668 146446.93
1669 146446.93
1670 146430.73
1671 146430.73
1672 146430.73
1673 146430.73
1674 146214.28
1675 146214.28
1676 146152.50
1677 145868.82
1678 145868.82
1679 145868.82
1680 145868.82
1681 145868.82
1682 145868.82
1683 145868.82
1684 145868.82
1685 145868.82
1686 145868.82
1687 145868.82
1688 145868.82
1689 145868.82
1690 145868.82
1691 145868.82
1692 145868.82
1693 145723.30
1694 145723.30
1695 145723.30
1696 145723.30
1697 145723.30
1698 145723.30
1699 145723.30
1700 145723.30
1701 145723.30
1702 145723.30
1703 145709.91
1704 145709.91
1705 145709.91
1706 145709.91
1707 145709.91
1708 145709.91
1709 145709.91
1710 145709.91
1711 145709.91
1712 145709.91
1713 145709.91
1714 145709.91
1715 145709.91
1716 145709.91
1717 145709.91
1718 145709.91
1719 145682.41
1720 145501.41
1721 145377.39
1722 145377.39
1723 145377.39
1724 145377.39
1725 145377.39
1726 145377.39
1727 145377.39
1728 145377.39
1729 145377.39
1730 145377.39
1731 145377.39
1732 145119.26
1733 145000.42
1734 145000.42
1735 144912.39
1736 144912.39
1737 144912.39
1738 144912.39
1739 144912.39
1740 144821.75
1741 144821.75
1742 144731.99
1743 144731.99
1744 144731.99
1745 144731.99
1746 144731.99
1747 144731.99
1748 144731.99
1749 144731.99
1750 144731.99
1751 144731.99
1752 144731.99
1753 144731.99
1754 144731.99
1755 144731.99
1756 144641.45
1757 144557.01
1758 144557.01
1759 144557.01
1760 144557.01
1761 144557.01
1762 144557.01
1763 144313.65
1764 144313.65
1765 144313.65
1766 144313.65
1767 144313.65
1768 144313.65
1769 144313.65
1770 144253.92
1771 144253.92
1772 144253.92
1773 144253.92
1774 143515.56
1775 143515.56
1776 143515.56
1777 143515.56
1778 143053.93
1779 142970.71
1780 142917.76
1781 142917.76
1782 142917.76
1783 142626.56
1784 142542.23
1785 142542.23
1786 142542.23
1787 142479.45
1788 142479.45
1789 142479.45
1790 142479.45
1791 142479.45
1792 142465.93
1793 142370.28
1794 142370.28
1795 142370.28
1796 142287.74
1797 142108.13
1798 142108.13
1799 142108.13
1800 142108.13
1801 141902.89
1802 141902.89
1803 141902.89
1804 141902.89
1805 141902.89
1806 141902.89
1807 141722.39
1808 141603.59
1809 141306.91
1810 141067.06
1811 141067.06
1812 141067.06
1813 141067.06
1814 141067.06
1815 141067.06
1816 141067.06
1817 141067.06
1818 141067.06
1819 141067.06
1820 141008.48
1821 141008.48
1822 141008.48
1823 141008.48
1824 140868.62
1825 140868.62
1826 140766.92
1827 140612.48
1828 140612.48
1829 140612.48
1830 140612.48
1831 140612.48
1832 140612.48
1833 140612.48
1834 140612.48
1835 140612.48
1836 140612.48
1837 140612.48
1838 140211.74
1839 140154.56
1840 140154.56
1841 140145.14
1842 140145.14
1843 140145.14
1844 140145.14
1845 140145.14
1846 140145.14
1847 140110.10
1848 140110.10
1849 140110.10
1850 140110.10
1851 140110.10
1852 140110.10
1853 140110.10
1854 140110.10
1855 139924.69
1856 139924.69
1857 139924.69
1858 139924.69
1859 139924.69
1860 139924.69
1861 139924.69
1862 139924.69
1863 139924.69
1864 139924.69
1865 139924.69
1866 139924.69
1867 139924.69
1868 139924.69
1869 139924.69
1870 139924.69
1871 139924.69
1872 139924.69
1873 139924.69
1874 139924.69
1875 139924.69
1876 139924.69
1877 139819.34
1878 139819.34
1879 139819.34
1880 139819.34
1881 139799.38
1882 139799.38
1883 139799.38
1884 139799.38
1885 139447.12
1886 139447.12
1887 139025.90
1888 138625.58
1889 138625.58
1890 138625.58
1891 138176.64
1892 138176.64
1893 138176.64
1894 137989.48
1895 137989.48
1896 137989.48
1897 137989.48
1898 137989.48
1899 137989.48
1900 137989.48
1901 137989.48
1902 137989.48
1903 137989.48
1904 137989.48
1905 137989.48
1906 137790.97
1907 137790.97
1908 137790.97
1909 137653.51
1910 137631.27
1911 137631.27
1912 137631.27
1913 137631.27
1914 137631.27
1915 137631.27
1916 137514.34
1917 137514.34
1918 137514.34
1919 137514.34
1920 137514.34
1921 136732.82
1922 136732.82
1923 136732.82
1924 136618.41
1925 136599.65
1926 136158.26
1927 136158.26
1928 136158.26
1929 136158.26
1930 136158.26
1931 136158.26
1932 136158.26
1933 136158.26
1934 136036.26
1935 136036.26
1936 136036.26
1937 136036.26
1938 136036.26
1939 136036.26
1940 136036.26
1941 136036.26
1942 135900.10
1943 135900.10
1944 135900.10
1945 135865.42
1946 135865.42
1947 135852.10
1948 135852.10
1949 135852.10
1950 135784.78
1951 135784.78
1952 135784.78
1953 135750.58
1954 135750.58
1955 135750.58
1956 135750.58
1957 135750.58
1958 135750.58
1959 135750.58
1960 135750.58
1961 135750.58
1962 135750.58
1963 135750.58
1964 135750.58
1965 135607.93
1966 135607.93
1967 135607.93
1968 135607.93
1969 135607.93
1970 135607.93
1971 135607.93
1972 135607.93
1973 135413.69
1974 135413.69
1975 135413.69
1976 135413.69
1977 135413.69
1978 135413.69
1979 135413.69
1980 135413.69
1981 135413.69
1982 135413.69
1983 135413.69
1984 135413.69
1985 135297.21
1986 135297.21
1987 135297.21
1988 135297.21
1989 135268.92
1990 135268.92
1991 135268.92
1992 135094.59
1993 135094.59
1994 135094.59
1995 135094.59
1996 135094.59
1997 135094.59
1998 135094.59
1999 135094.59
2000 135094.59
2001 135094.59
2002 135094.59
2003 135094.59
2004 135094.59
2005 134839.29
2006 134839.29
2007 134839.29
2008 134839.29
2009 134839.29
2010 134839.29
2011 134839.29
2012 134839.29
2013 134791.35
2014 134791.35
2015 134791.35
2016 134791.35
2017 134791.35
2018 134791.35
2019 134791.35
2020 134791.35
2021 134791.35
2022 134791.35
2023 134791.35
2024 134791.35
2025 134791.35
2026 134791.35
2027 134791.35
2028 134791.35
2029 134791.35
2030 134791.35
2031 134791.35
2032 134791.35
2033 134791.35
2034 134791.35
2035 134791.35
2036 134791.35
2037 134791.35
2038 134791.35
2039 134791.35
2040 134791.35
2041 134791.35
2042 134791.35
2043 134791.35
2044 134791.35
2045 134791.35
2046 134791.35
2047 134618.99
2048 134618.99
2049 134618.99
2050 134618.99
2051 134618.99
2052 134618.99
2053 134618.99
2054 134618.99
2055 134618.99
2056 134618.99
2057 134618.99
2058 134211.69
2059 134211.69
2060 134127.55
2061 134127.55
2062 134127.55
2063 134104.28
2064 134104.28
2065 134104.28
2066 134083.96
2067 134083.96
2068 134030.84
2069 134030.84
2070 134030.84
2071 134030.84
2072 134030.84
2073 133757.68
2074 133757.68
2075 133757.68
2076 133757.68
2077 133757.68
2078 133712.34
2079 133427.54
2080 133427.54
2081 133351.77
2082 133351.77
2083 133351.77
2084 133351.77
2085 133221.19
2086 133221.19
2087 133221.19
2088 133221.19
2089 133221.19
2090 133221.19
2091 133221.19
2092 133088.81
2093 133088.81
2094 133088.81
2095 132778.99
2096 132778.99
2097 132778.99
2098 132778.99
2099 132778.99
2100 132778.99
2101 132778.99
2102 132778.99
2103 132733.60
2104 132733.60
2105 132733.60
2106 132733.60
2107 132528.16
2108 132528.16
2109 132528.16
2110 132528.16
2111 132528.16
2112 132528.16
2113 132528.16
2114 132528.16
2115 132445.51
2116 132445.51
2117 132445.51
2118 132445.51
2119 132445.51
2120 132445.51
2121 132308.63
2122 132308.63
2123 132308.63
2124 132263.28
2125 132263.28
2126 131802.01
2127 131802.01
2128 131802.01
2129 131802.01
2130 131802.01
2131 131802.01
2132 131658.06
2133 131658.06
2134 131658.06
2135 131658.06
2136 131658.06
2137 131658.06
2138 131658.06
2139 131658.06
2140 131658.06
2141 131658.06
2142 131658.06
2143 131339.64
2144 131339.64
2145 131339.64
2146 131339.64
2147 131339.64
2148 131339.64
2149 131339.64
2150 131339.64
2151 131339.64
2152 131339.64
2153 131339.64
2154 131339.64
2155 131339.64
2156 131130.90
2157 131130.90
2158 131130.90
2159 131130.90
2160 131130.90
2161 131130.90
2162 131130.90
2163 131055.32
2164 131055.32
2165 131055.32
2166 131055.32
2167 131055.32
2168 130883.81
2169 130883.81
2170 130883.81
2171 130883.81
2172 130883.81
2173 130883.81
2174 130883.81
2175 130883.81
2176 130883.81
2177 130883.81
2178 130883.81
2179 130883.81
2180 130883.81
2181 130883.81
2182 130883.81
2183 130883.81
2184 130883.81
2185 130883.81
2186 130723.91
2187 130723.91
2188 130723.91
2189 130499.54
2190 130499.54
2191 130499.54
2192 130499.54
2193 130499.54
2194 130499.54
2195 130444.45
2196 130422.08
2197 130422.08
2198 130422.08
2199 130390.43
2200 130390.43
2201 130390.43
2202 130390.43
2203 130390.43
2204 130390.43
2205 130390.43
2206 130390.43
2207 130390.43
2208 130390.43
2209 130390.43
2210 130390.43
2211 130390.43
2212 130390.43
2213 130390.43
2214 130390.43
2215 130390.43
2216 130336.60
2217 130336.60
2218 130336.60
2219 130336.60
2220 130106.49
2221 130106.49
2222 129818.73
2223 129818.50
2224 129818.50
2225 129818.50
2226 129818.50
2227 129818.50
2228 129818.50
2229 129818.50
2230 129818.50
2231 129818.50
2232 129818.50
2233 129818.50
2234 129818.50
2235 129818.50
2236 129818.50
2237 129700.13
2238 129700.13
2239 129686.36
2240 129686.36
2241 129686.36
2242 129686.36
2243 129686.36
2244 129686.36
2245 129686.36
2246 129411.83
2247 129411.83
2248 129411.83
2249 129411.83
2250 129411.83
2251 128957.02
2252 128957.02
2253 128957.02
2254 128957.02
2255 128957.02
2256 128957.02
2257 128957.02
2258 128957.02
2259 128957.02
2260 128872.75
2261 128872.75
2262 128869.59
2263 128869.59
2264 128869.59
2265 128869.59
2266 128869.59
2267 128869.59
2268 128869.59
2269 128869.59
2270 128869.59
2271 128869.59
2272 128713.91
2273 128713.91
2274 128713.91
2275 128713.91
2276 128713.91
2277 128713.91
2278 128713.91
2279 128713.91
2280 128674.02
2281 128674.02
2282 128674.02
2283 128674.02
2284 128674.02
2285 128674.02
2286 128674.02
2287 128674.02
2288 128674.02
2289 128674.02
2290 128674.02
2291 128674.02
2292 128267.52
2293 128267.52
2294 128267.52
2295 128267.52
2296 128267.52
2297 127897.91
2298 127897.91
2299 127897.91
2300 127897.91
2301 127897.91
2302 127897.91
2303 127897.91
2304 127897.91
2305 127897.91
2306 127897.91
2307 127666.91
2308 127666.91
2309 127666.91
2310 127666.91
2311 127666.91
2312 127660.28
2313 127660.28
2314 127660.28
2315 127660.28
2316 127660.28
2317 127660.28
2318 127660.28
2319 127660.28
2320 127660.28
2321 127660.28
2322 127660.28
2323 127660.28
2324 127660.28
2325 127660.28
2326 127660.28
2327 127660.28
2328 127660.28
2329 127660.28
2330 127660.28
2331 127660.28
2332 127660.28
2333 127660.28
2334 127660.28
2335 127660.28
2336 127660.28
2337 127660.28
2338 127660.28
2339 127660.28
2340 127625.30
2341 127625.30
2342 127625.30
2343 127527.76
2344 127527.76
2345 127147.24
2346 127147.24
2347 127147.24
2348 127147.24
2349 127147.24
2350 127147.24
2351 127147.24
2352 127092.28
2353 127092.28
2354 127092.28
2355 127092.28
2356 127092.28
2357 126831.69
2358 126831.69
2359 126831.69
2360 126716.98
2361 126716.98
2362 126716.98
2363 126716.98
2364 126716.98
2365 126716.98
2366 126716.98
2367 126634.40
2368 126634.40
2369 126634.40
2370 126634.40
2371 126634.40
2372 126634.40
2373 126634.40
2374 126634.40
2375 126634.40
2376 126634.40
2377 126634.40
2378 126634.40
2379 126634.40
2380 126634.40
2381 126634.40
2382 126634.40
2383 126562.28
2384 126562.28
2385 126562.28
2386 126562.28
2387 126562.28
2388 126562.28
2389 126562.28
2390 126562.28
2391 126562.28
2392 126562.28
2393 126559.29
2394 126559.29
2395 126559.29
2396 126559.29
2397 126559.29
2398 126559.29
2399 126559.29
2400 126559.29
2401 126559.29
2402 126504.70
2403 126504.70
2404 126504.70
2405 126504.70
2406 126391.58
2407 126391.58
2408 126391.58
2409 126391.58
2410 126379.42
2411 126379.42
2412 126305.17
2413 126305.17
2414 126305.17
2415 126305.17
2416 126305.17
2417 126305.17
2418 126082.11
2419 126082.11
2420 126082.11
2421 126060.53
2422 126060.53
2423 126060.53
2424 126060.53
2425 126060.53
2426 126060.53
2427 125961.10
2428 125961.10
2429 125961.10
2430 125961.10
2431 125961.10
2432 125696.35
2433 125696.35
2434 125696.35
2435 125696.35
2436 125696.35
2437 125505.64
2438 125505.64
2439 125505.64
2440 125505.64
2441 125505.64
2442 125505.64
2443 125337.30
2444 125337.30
2445 125337.30
2446 125337.30
2447 125337.30
2448 125337.30
2449 125337.30
2450 125337.30
2451 125337.30
2452 125337.30
2453 125337.30
2454 125337.30
2455 125235.76
2456 125235.76
2457 125235.76
2458 125235.76
2459 125235.76
2460 125235.76
2461 125235.76
2462 125235.76
2463 125235.76
2464 125235.76
2465 125235.76
2466 125235.76
2467 125235.76
2468 125235.76
2469 125235.76
2470 125235.76
2471 125107.15
2472 125042.10
2473 125000.07
2474 124975.23
2475 124975.23
2476 124975.23
2477 124835.41
2478 124835.41
2479 124835.41
2480 124781.78
2481 124781.78
2482 124730.38
2483 124730.38
2484 124730.38
2485 124730.38
2486 124730.38
2487 124730.38
2488 124730.38
2489 124663.29
2490 124663.29
2491 124663.29
2492 124663.29
2493 124663.29
2494 124557.82
2495 124557.82
2496 124557.82
2497 124557.82
2498 124557.82
2499 124514.44
2500 124514.44
2501 124514.44
2502 124514.44
2503 124514.44
2504 124514.44
2505 124514.44
2506 124514.44
2507 124514.44
2508 124514.44
2509 124514.44
2510 124514.44
2511 124271.87
2512 124271.87
2513 124271.87
2514 124271.87
2515 124271.87
2516 124271.87
2517 124271.87
2518 124271.87
2519 124271.87
2520 124271.87
2521 124271.87
2522 124271.87
2523 124271.87
2524 124271.87
2525 124271.87
2526 124271.87
2527 124135.90
2528 124135.90
2529 124135.90
2530 124135.90
2531 124135.90
2532 124135.90
2533 124135.90
2534 124037.80
2535 124037.80
2536 124037.80
2537 123721.14
2538 123721.14
2539 123721.14
2540 123721.14
2541 123721.14
2542 123522.70
2543 123522.70
2544 123522.70
2545 123522.70
2546 123442.62
2547 123136.46
2548 123136.46
2549 123136.46
2550 123136.46
2551 123136.46
2552 123136.46
2553 123136.46
2554 123136.46
2555 123136.46
2556 123136.46
2557 123136.46
2558 123136.46
2559 123136.46
2560 123136.46
2561 123136.46
2562 123136.46
2563 123136.46
2564 123136.46
2565 122820.58
2566 122820.58
2567 122820.58
2568 122820.58
2569 122820.58
2570 122820.58
2571 122820.58
2572 122820.58
2573 122820.58
2574 122820.58
2575 122820.58
2576 122820.58
2577 122820.58
2578 122820.58
2579 122820.58
2580 122820.58
2581 122820.58
2582 122820.35
2583 122820.35
2584 122820.35
2585 122820.35
2586 122820.35
2587 122820.35
2588 122077.51
2589 122077.51
2590 122077.51
2591 122077.51
2592 122077.51
2593 122077.51
2594 122077.51
2595 121780.75
2596 121780.75
2597 121193.68
2598 121193.68
2599 121193.68
2600 121178.58
2601 121178.58
2602 121178.58
2603 121178.58
2604 121178.58
2605 121178.58
2606 121178.58
2607 121172.84
2608 121172.84
2609 121172.84
2610 121172.84
2611 121172.84
2612 121172.84
2613 121172.84
2614 121172.84
2615 120949.12
2616 120949.12
2617 120949.12
2618 120949.12
2619 120949.12
2620 120949.12
2621 120949.12
2622 120795.73
2623 120420.79
2624 120420.79
2625 120420.79
2626 120420.79
2627 120420.79
2628 120420.79
2629 120420.79
2630 120420.79
2631 120420.79
2632 120420.79
2633 120420.79
2634 120420.79
2635 120420.79
2636 120420.79
2637 120420.79
2638 120420.79
2639 120420.79
2640 120420.79
2641 120420.79
2642 120420.79
2643 120420.79
2644 120420.79
2645 120420.79
2646 120420.79
2647 120420.79
2648 120420.79
2649 120420.79
2650 120420.79
2651 120420.79
2652 120367.30
2653 120367.30
2654 120367.30
2655 120367.30
2656 120367.30
2657 120367.30
2658 120367.30
2659 120367.30
2660 120120.28
2661 120042.65
2662 119968.46
2663 119968.46
2664 119968.46
2665 119968.46
2666 119794.25
2667 119794.25
2668 119794.25
2669 119794.25
2670 119794.25
2671 119794.25
2672 119794.25
2673 119794.25
2674 119794.25
2675 119794.25
2676 119794.25
2677 119794.25
2678 119794.25
2679 119794.25
2680 119794.25
2681 119456.47
2682 119456.47
2683 119449.66
2684 119449.66
2685 119449.66
2686 119449.66
2687 119449.66
2688 119449.66
2689 119449.66
2690 119332.55
2691 119332.55
2692 119332.55
2693 119332.55
2694 119332.55
2695 119205.98
2696 119205.98
2697 119205.98
2698 119205.98
2699 119205.98
2700 119205.98
2701 119205.98
2702 118919.18
2703 118872.28
2704 118872.28
2705 118872.28
2706 118872.28
2707 118872.28
2708 118872.28
2709 118872.28
2710 118872.28
2711 118872.28
2712 118872.28
2713 118872.28
2714 118872.28
2715 118872.28
2716 118872.28
2717 118872.28
2718 118872.28
2719 118706.59
2720 118706.59
2721 118706.59
2722 118706.59
2723 118706.59
2724 118706.59
2725 118706.59
2726 118706.59
2727 118706.59
2728 118706.59
2729 118706.59
2730 118706.59
2731 118706.59
2732 118706.59
2733 118403.17
2734 118403.17
2735 118281.14
2736 118281.14
2737 118249.10
2738 118249.10
2739 118249.10
2740 118249.10
2741 118219.46
2742 118219.46
2743 118219.46
2744 117886.02
2745 117886.02
2746 117886.02
2747 117886.02
2748 117886.02
2749 117886.02
2750 117886.02
2751 117886.02
2752 117845.56
2753 117845.56
2754 117845.56
2755 117845.56
2756 117845.56
2757 117845.56
2758 117845.56
2759 117845.56
2760 117845.56
2761 117845.56
2762 117845.56
2763 117845.56
2764 117785.47
2765 117785.47
2766 117785.47
2767 117785.47
2768 117785.47
2769 117785.47
2770 117785.47
2771 117785.47
2772 117785.47
2773 117785.47
2774 117785.47
2775 117785.47
2776 117785.47
2777 117719.69
2778 117719.69
2779 117719.69
2780 117719.69
2781 117574.13
2782 117369.36
2783 117369.36
2784 117369.36
2785 117369.36
2786 117369.36
2787 117369.36
2788 117369.36
2789 117369.36
2790 117369.36
2791 117369.36
2792 117369.36
2793 117369.36
2794 117200.91
2795 117200.91
2796 117200.91
2797 117200.91
2798 117200.91
2799 117200.91
2800 117200.91
2801 117200.91
2802 117200.91
2803 117200.91
2804 117200.91
2805 117200.91
2806 117200.91
2807 117200.91
2808 117200.91
2809 117200.91
2810 117200.91
2811 117200.91
2812 117200.91
2813 117200.91
2814 117200.91
2815 117200.91
2816 117200.91
2817 117043.42
2818 117043.42
2819 117043.42
2820 117043.42
2821 117043.42
2822 117043.42
2823 117043.42
2824 117043.42
2825 117043.42
2826 117043.42
2827 117043.42
2828 117043.42
2829 117043.42
2830 117043.42
2831 117043.42
2832 117043.42
2833 116861.13
2834 116861.13
2835 116856.58
2836 116856.58
2837 116856.58
2838 116856.58
2839 116856.58
2840 116856.58
2841 116856.58
2842 116856.58
2843 116856.58
2844 116856.58
2845 116792.87
2846 116726.76
2847 116726.76
2848 116726.76
2849 116726.76
2850 116726.76
2851 116726.76
2852 116726.76
2853 116726.76
2854 116726.76
2855 116726.76
2856 116711.41
2857 116711.41
2858 116711.41
2859 116711.41
2860 116711.41
2861 116711.41
2862 116711.41
2863 116711.41
2864 116711.41
2865 116711.41
2866 116711.41
2867 116343.91
2868 116343.91
2869 116343.91
2870 116343.91
2871 116343.91
2872 116343.91
2873 116343.91
2874 116343.91
2875 116343.91
2876 116219.17
2877 115784.34
2878 115784.34
2879 115784.34
2880 115784.34
2881 115723.98
2882 115723.98
2883 115723.98
2884 115723.98
2885 115723.98
2886 115723.98
2887 115723.98
2888 115723.98
2889 115723.98
2890 115723.98
2891 115630.47
2892 115630.47
2893 115630.47
2894 115630.47
2895 115630.47
2896 115630.47
2897 115630.47
2898 115403.31
2899 115403.31
2900 115403.31
2901 115403.31
2902 115403.31
2903 115403.31
2904 115403.31
2905 115403.31
2906 115403.31
2907 115403.31
2908 115403.31
2909 115403.31
2910 115403.31
2911 115403.31
2912 115403.31
2913 115250.84
2914 115177.31
2915 115177.31
2916 114981.90
2917 114981.90
2918 114981.90
2919 114981.90
2920 114981.90
2921 114981.90
2922 114981.90
2923 114981.90
2924 114981.90
2925 114966.32
2926 114966.32
2927 114966.32
2928 114966.32
2929 114952.97
2930 114952.97
2931 114952.97
2932 114790.70
2933 114790.70
2934 114734.17
2935 114734.17
2936 114734.17
2937 114734.17
2938 114612.13
2939 114612.13
2940 114612.13
2941 114612.13
2942 114471.50
2943 114433.65
2944 114433.65
2945 114290.80
2946 114290.80
2947 114290.80
2948 114249.50
2949 114249.50
2950 114249.50
2951 114249.50
2952 114249.50
2953 114249.50
2954 114249.50
2955 113961.91
2956 113961.91
2957 113961.91
2958 113961.91
2959 113961.91
2960 113961.91
2961 113901.80
2962 113901.80
2963 113901.80
2964 113901.80
2965 113901.80
2966 113901.80
2967 113901.80
2968 113901.80
2969 113901.80
2970 113901.80
2971 113901.80
2972 113901.80
2973 113901.80
2974 113901.80
2975 113901.80
2976 113901.80
2977 113901.80
2978 113901.80
2979 113901.80
2980 113901.80
2981 113901.80
2982 113901.80
2983 113901.80
2984 113664.06
2985 113664.06
2986 113664.06
2987 113664.06
2988 113664.06
2989 113664.06
2990 113664.06
2991 113664.06
2992 113664.06
2993 113664.06
2994 113664.06
2995 113664.06
2996 113664.06
2997 113664.06
2998 113619.35
2999 113619.35
3000 113619.35
3001 113619.35
3002 113619.35
3003 113619.35
3004 113619.35
3005 113619.35
3006 113619.35
3007 113619.35
3008 113619.35
3009 113619.35
3010 113526.16
3011 113526.16
3012 113526.16
3013 113526.16
3014 113526.16
3015 113526.16
3016 113526.16
3017 113430.98
3018 113430.98
3019 113430.98
3020 113430.98
3021 113430.98
3022 113430.98
3023 113430.98
3024 113355.71
3025 113355.71
3026 113355.71
3027 113355.71
3028 113355.71
3029 113355.71
3030 113355.71
3031 113355.71
3032 113355.71
3033 113304.17
3034 113304.17
3035 113304.17
3036 113304.17
3037 113304.17
3038 113304.17
3039 113205.99
3040 113205.99
3041 112918.64
3042 112918.64
3043 112918.64
3044 112788.52
3045 112788.52
3046 112788.52
3047 112739.81
3048 112739.81
3049 112739.81
3050 112739.81
3051 112739.81
3052 112739.81
3053 112732.59
3054 112732.59
3055 112514.48
3056 112514.48
3057 112514.48
3058 112514.48
3059 112514.48
3060 112503.78
3061 112303.86
3062 112303.86
3063 112303.86
3064 112303.86
3065 112303.86
3066 112303.86
3067 112303.86
3068 112303.86
3069 112043.48
3070 112043.48
3071 112043.48
3072 111987.03
3073 111987.03
3074 111987.03
3075 111987.03
3076 111987.03
3077 111987.03
3078 111987.03
3079 111987.03
3080 111987.03
3081 111987.03
3082 111987.03
3083 111987.03
3084 111987.03
3085 111987.03
3086 111987.03
3087 111987.03
3088 111987.03
3089 111987.03
3090 111987.03
3091 111987.03
3092 111987.03
3093 111776.96
3094 111776.96
3095 111776.96
3096 111776.96
3097 111776.96
3098 111776.96
3099 111776.96
3100 111776.96
3101 111776.96
3102 111776.96
3103 111776.96
3104 111776.96
3105 111776.96
3106 111776.96
3107 111776.96
3108 111297.90
3109 111183.07
3110 111183.07
3111 111183.07
3112 111183.07
3113 111183.07
3114 111183.07
3115 111183.07
3116 111183.07
3117 111183.07
3118 111183.07
3119 111183.07
3120 111183.07
3121 111183.07
3122 111183.07
3123 111183.07
3124 111183.07
3125 111183.07
3126 111183.07
3127 110996.45
3128 110869.34
3129 110869.34
3130 110869.34
3131 110869.34
3132 110682.52
3133 110682.52
3134 110507.37
3135 110507.37
3136 110507.37
3137 110507.37
3138 110244.68
3139 110244.68
3140 110244.68
3141 110244.68
3142 110244.68
3143 110244.68
3144 110244.68
3145 110244.68
3146 110244.68
3147 110244.68
3148 110178.06
3149 110178.06
3150 110178.06
3151 110173.47
3152 110173.47
3153 110173.47
3154 110173.47
3155 110173.47
3156 110173.47
3157 109852.10
3158 109852.10
3159 109852.10
3160 109852.10
3161 109749.33
3162 109749.33
3163 109749.33
3164 109749.33
3165 109749.33
3166 109749.33
3167 109749.33
3168 109749.33
3169 109749.33
3170 109749.33
3171 109749.33
3172 109749.33
3173 109528.44
3174 109528.44
3175 109528.44
3176 109528.44
3177 109528.44
3178 109528.44
3179 109528.44
3180 109528.44
3181 109528.44
3182 109528.44
3183 109528.44
3184 109528.44
3185 109528.44
3186 109528.44
3187 109528.44
3188 109528.44
3189 109528.44
3190 109528.44
3191 109528.44
3192 109528.44
3193 109528.44
3194 109528.44
3195 109528.44
3196 109528.44
3197 109528.44
3198 109528.44
3199 109528.44
3200 109220.86
3201 109220.86
3202 109220.86
3203 109220.86
3204 109209.30
3205 109209.30
3206 109209.30
3207 109209.30
3208 109209.30
3209 109209.30
3210 109209.30
3211 109209.30
3212 109209.30
3213 109209.30
3214 109209.30
3215 109209.30
3216 109209.30
3217 109209.30
3218 109188.44
3219 109188.44
3220 109188.44
3221 109188.44
3222 109188.44
3223 109188.44
3224 109188.44
3225 109188.44
3226 109188.44
3227 109188.44
3228 109167.62
3229 109167.62
3230 109167.62
3231 109167.62
3232 109167.62
3233 109167.62
3234 109167.62
3235 109167.62
3236 109167.62
3237 109167.62
3238 109167.62
3239 109167.62
3240 109167.62
3241 109167.62
3242 109073.58
3243 109073.58
3244 109029.71
3245 109029.71
3246 109029.71
3247 109029.71
3248 109029.71
3249 109029.71
3250 109023.20
3251 108953.64
3252 108953.64
3253 108953.64
3254 108953.64
3255 108953.64
3256 108861.06
3257 108861.06
3258 108861.06
3259 108861.06
3260 108861.06
3261 108861.06
3262 108861.06
3263 108861.06
3264 108822.89
3265 108822.89
3266 108822.89
3267 108822.89
3268 108822.89
3269 108822.89
3270 108702.67
3271 108702.67
3272 108618.88
3273 108618.88
3274 108618.88
3275 108483.10
3276 108483.10
3277 108483.10
3278 108379.25
3279 108379.25
3280 108315.25
3281 108315.25
3282 108315.25
3283 108315.25
3284 108315.25
3285 108315.25
3286 108311.20
3287 108311.20
3288 108311.20
3289 108311.20
3290 108007.01
3291 108007.01
3292 108007.01
3293 108007.01
3294 108007.01
3295 107548.13
3296 107548.13
3297 107548.13
3298 107469.46
3299 107469.46
3300 107469.46
3301 107469.46
3302 107469.46
3303 107469.46
3304 107469.46
3305 107299.48
3306 107299.48
3307 107299.48
3308 107299.48
3309 107299.48
3310 107299.48
3311 107299.48
3312 107299.48
3313 107299.48
3314 107299.48
3315 107299.48
3316 107299.48
3317 107299.48
3318 107299.48
3319 107299.48
3320 107299.48
3321 107299.48
3322 107299.48
3323 107299.48
3324 107254.22
3325 107254.22
3326 107254.22
3327 107254.22
3328 107254.22
3329 107254.22
3330 107254.22
3331 107254.22
3332 107254.22
3333 107254.22
3334 107254.22
3335 107254.22
3336 107254.22
3337 107254.22
3338 107254.22
3339 107254.22
3340 107254.22
3341 107177.15
3342 107113.50
3343 107084.29
3344 107084.29
3345 107084.29
3346 107084.29
3347 107084.29
3348 107084.29
3349 107084.29
3350 106917.71
3351 106917.71
3352 106917.71
3353 106917.71
3354 106795.84
3355 106795.84
3356 106795.84
3357 106795.84
3358 106795.84
3359 106795.84
3360 106795.84
3361 106716.98
3362 106716.98
3363 106716.98
3364 106716.98
3365 106716.98
3366 106716.98
3367 106484.72
3368 106484.72
3369 106484.72
3370 106484.72
3371 106393.95
3372 106393.95
3373 106393.95
3374 106091.36
3375 106091.36
3376 106091.36
3377 106091.36
3378 106075.57
3379 106075.57
3380 106075.57
3381 106075.57
3382 106075.57
3383 106075.57
3384 106075.57
3385 106075.57
3386 106075.57
3387 106075.57
3388 106075.57
3389 106075.57
3390 106075.57
3391 106075.57
3392 106075.57
3393 106075.57
3394 106075.57
3395 106075.57
3396 106075.57
3397 106075.57
3398 106075.57
3399 105736.83
3400 105736.83
3401 105736.83
3402 105736.83
3403 105736.83
3404 105736.83
3405 105736.83
3406 105647.56
3407 105538.38
3408 105538.38
3409 105538.38
3410 105538.38
3411 105538.38
3412 105538.38
3413 105291.85
3414 105291.85
3415 105291.85
3416 104900.82
3417 104900.82
3418 104900.82
3419 104900.82
3420 104900.82
3421 104900.82
3422 104900.82
3423 104900.82
3424 104900.82
3425 104900.82
3426 104900.82
3427 104900.82
3428 104660.34
3429 104660.34
3430 104660.34
3431 104660.34
3432 104660.34
3433 104660.34
3434 104660.34
3435 104660.34
3436 104523.81
3437 104523.81
3438 104523.81
3439 104523.81
3440 104523.81
3441 104523.81
3442 104523.81
3443 104523.81
3444 104523.81
3445 104523.81
3446 104523.81
3447 104523.81
3448 104523.81
3449 104523.81
3450 104523.81
3451 104523.81
3452 104523.81
3453 104523.81
3454 104523.81
3455 104523.81
3456 104523.81
3457 104523.81
3458 104523.81
3459 104523.81
3460 104523.81
3461 104523.81
3462 104523.81
3463 104523.81
3464 104523.81
3465 104523.81
3466 104523.81
3467 104523.81
3468 104500.59
3469 104500.59
3470 104500.59
3471 104500.59
3472 104500.59
3473 104428.02
3474 104428.02
3475 104428.02
3476 104428.02
3477 104428.02
3478 104428.02
3479 104428.02
3480 104428.02
3481 104428.02
3482 104428.02
3483 104428.02
3484 104428.02
3485 104300.80
3486 104300.80
3487 104300.80
3488 104300.80
3489 104300.80
3490 104300.80
3491 104300.80
3492 104300.80
3493 104289.11
3494 104289.11
3495 104289.11
3496 104289.11
3497 104289.11
3498 104289.11
3499 103958.52
3500 103958.52
3501 103958.52
3502 103958.52
3503 103958.52
3504 103958.52
3505 103958.52
3506 103958.52
3507 103958.52
3508 103958.52
3509 103871.27
3510 103608.15
3511 103608.15
3512 103608.15
3513 103608.15
3514 103608.15
3515 103608.15
3516 103608.15
3517 103608.15
3518 103608.15
3519 103608.15
3520 103608.15
3521 103601.14
3522 103601.14
3523 103601.14
3524 103601.14
3525 103601.14
3526 103601.14
3527 103601.14
3528 103601.14
3529 103601.14
3530 103601.14
3531 103601.14
3532 103601.14
3533 103601.14
3534 103601.14
3535 103601.14
3536 103601.14
3537 103601.14
3538 103601.14
3539 103508.58
3540 103508.58
3541 103508.58
3542 103508.58
3543 103508.58
3544 103508.58
3545 103508.58
3546 103508.58
3547 103508.58
3548 103508.58
3549 103508.58
3550 103508.58
3551 103508.58
3552 103508.58
3553 103496.05
3554 103446.20
3555 103446.20
3556 103446.20
3557 103341.06
3558 103341.06
3559 103341.06
3560 103287.57
3561 103287.57
3562 103287.57
3563 103287.57
3564 103281.32
3565 103281.32
3566 103281.32
3567 103281.32
3568 103281.32
3569 103281.32
3570 103281.32
3571 103281.32
3572 103281.32
3573 103169.29
3574 103169.29
3575 103169.29
3576 103169.29
3577 103169.29
3578 103169.29
3579 103169.29
3580 103169.29
3581 103169.29
3582 103169.29
3583 103169.29
3584 103169.29
3585 103169.29
3586 103169.29
3587 103169.29
3588 103169.29
3589 103014.43
3590 103014.43
3591 103014.43
3592 103014.43
3593 103014.43
3594 103014.43
3595 103014.43
3596 103014.43
3597 102996.04
3598 102955.85
3599 102955.85
3600 102955.85
3601 102955.85
3602 102785.19
3603 102588.72
3604 102588.72
3605 102588.72
3606 102588.72
3607 102588.72
3608 102588.72
3609 102588.72
3610 102553.75
3611 102553.75
3612 102553.75
3613 102553.75
3614 102471.26
3615 102471.26
3616 102471.26
3617 102471.26
3618 102471.26
3619 102471.26
3620 102097.53
3621 102097.53
3622 102097.53
3623 102097.53
3624 102097.53
3625 102097.53
3626 102097.53
3627 102097.53
3628 102097.53
3629 102097.53
3630 102097.53
3631 102097.53
3632 102097.53
3633 102097.53
3634 102097.53
3635 102097.53
3636 102097.53
3637 102097.53
3638 102097.53
3639 102097.53
3640 102097.53
3641 102097.53
3642 102097.53
3643 102097.53
3644 102097.53
3645 102068.21
3646 102068.21
3647 102068.21
3648 102068.21
3649 102068.21
3650 102068.21
3651 102068.21
3652 102068.21
3653 102068.21
3654 102068.21
3655 102068.21
3656 102068.21
3657 102068.21
3658 101892.39
3659 101892.39
3660 101892.39
3661 101892.39
3662 101892.39
3663 101892.39
3664 101892.39
3665 101892.39
3666 101682.85
3667 101682.85
3668 101682.85
3669 101682.85
3670 101682.85
3671 101682.85
3672 101682.85
3673 101682.85
3674 101597.16
3675 101597.16
3676 101597.16
3677 101597.16
3678 101597.16
3679 101597.16
3680 101597.16
3681 101597.16
3682 101597.16
3683 101597.16
3684 101597.16
3685 101597.16
3686 101597.16
3687 101597.16
3688 101597.16
3689 101597.16
3690 101597.16
3691 101597.16
3692 101597.16
3693 101597.16
3694 101597.16
3695 101597.16
3696 101597.16
3697 101597.16
3698 101597.16
3699 101597.16
3700 101597.16
3701 101597.16
3702 101597.16
3703 101597.16
3704 101597.16
3705 101597.16
3706 101597.16
3707 101597.16
3708 101597.16
3709 101565.24
3710 101565.24
3711 101565.24
3712 101565.24
3713 101565.24
3714 101565.24
3715 101565.24
3716 101565.24
3717 101565.24
3718 101565.24
3719 101565.24
3720 101565.24
3721 101565.24
3722 101565.24
3723 101565.24
3724 101565.24
3725 101565.24
3726 101565.24
3727 101565.24
3728 101184.83
3729 101184.83
3730 101184.83
3731 101184.83
3732 101184.83
3733 101184.83
3734 101184.83
3735 101184.83
3736 101184.83
3737 101184.83
3738 101184.83
3739 101184.83
3740 101184.83
3741 101184.83
3742 101184.83
3743 101184.83
3744 101184.83
3745 100918.66
3746 100785.69
3747 100785.69
3748 100785.69
3749 100785.69
3750 100785.69
3751 100785.69
3752 100785.69
3753 100785.69
3754 100749.26
3755 100749.26
3756 100749.26
3757 100749.26
3758 100749.26
3759 100749.26
3760 100749.26
3761 100749.26
3762 100749.26
3763 100749.26
3764 100702.39
3765 100691.79
3766 100691.79
3767 100691.79
3768 100691.79
3769 100691.79
3770 100691.79
3771 100691.79
3772 100691.79
3773 100691.79
3774 100592.00
3775 100592.00
3776 100592.00
3777 100326.94
3778 100326.94
3779 100326.94
3780 100326.94
3781 100326.94
3782 100326.94
3783 100326.94
3784 100326.94
3785 100259.38
3786 100259.38
3787 100259.38
3788 100259.38
3789 100259.38
3790 100259.38
3791 100259.38
3792 100259.38
3793 100259.38
3794 100259.38
3795 100259.38
3796 100259.38
3797 100234.47
3798 100234.47
3799 100234.47
3800 100234.47
3801 100234.47
3802 100234.47
3803 100234.47
3804 100234.47
3805 100234.47
3806 100221.27
3807 100221.27
3808 100221.27
3809 100221.27
3810 100221.27
3811 100221.27
3812 100221.27
3813 100221.27
3814 100221.27
3815 100221.27
3816 100221.27
3817 100163.94
3818 100163.94
3819 100163.94
3820 100163.94
3821 100163.94
3822 100163.94
3823 100163.94
3824 100163.94
3825 100163.94
3826 100163.94
3827 100163.94
3828 100163.94
3829 100163.94
3830 100163.94
3831 100163.94
3832 100163.94
3833 100163.94
3834 100163.94
3835 100163.94
3836 100163.94
3837 100163.94
3838 100163.94
3839 100163.94
3840 100163.94
3841 100163.94
3842 100163.94
3843 100163.94
3844 100163.94
3845 100163.94
3846 100163.94
3847 100029.56
3848 100029.56
3849 100029.56
3850 100029.56
3851 100029.56
3852 100029.56
3853 100029.56
3854 100029.56
3855 100029.56
3856 100029.56
3857 100029.56
3858 100029.56
3859 99905.28
3860 99905.28
3861 99905.28
3862 99905.28
3863 99905.28
3864 99905.28
3865 99905.28
3866 99905.28
3867 99905.28
3868 99905.28
3869 99905.28
3870 99905.28
3871 99905.28
3872 99905.28
3873 99905.28
3874 99905.28
3875 99889.41
3876 99889.41
3877 99889.41
3878 99889.41
3879 99889.41
3880 99889.41
3881 99889.41
3882 99889.41
3883 99889.41
3884 99889.41
3885 99889.41
3886 99889.41
3887 99889.41
3888 99889.41
3889 99889.41
3890 99889.41
3891 99889.41
3892 99858.13
3893 99858.13
3894 99858.13
3895 99823.18
3896 99823.18
3897 99823.18
3898 99823.18
3899 99823.18
3900 99823.18
3901 99823.18
3902 99823.18
3903 99823.18
3904 99805.82
3905 99626.71
3906 99626.71
3907 99626.71
3908 99626.71
3909 99626.71
3910 99626.71
3911 99626.71
3912 99626.71
3913 99626.71
3914 99626.71
3915 99626.71
3916 99626.71
3917 99626.71
3918 99626.71
3919 99626.71
3920 99626.71
3921 99626.71
3922 99626.71
3923 99626.71
3924 99626.71
3925 99626.71
3926 99626.71
3927 99626.71
3928 99626.71
3929 99626.71
3930 99626.71
3931 99626.71
3932 99626.71
3933 99626.71
3934 99626.71
3935 99626.71
3936 99626.71
3937 99626.71
3938 99528.04
3939 99224.01
3940 99224.01
3941 99163.93
3942 99163.93
3943 99163.93
3944 99163.93
3945 99163.93
3946 99163.93
3947 99163.93
3948 99163.93
3949 99062.29
3950 99062.29
3951 99062.29
3952 99062.29
3953 99062.29
3954 99039.74
3955 99039.74
3956 99039.74
3957 99039.74
3958 99039.74
3959 99039.74
3960 99002.17
3961 99002.17
3962 99002.17
3963 99002.17
3964 98953.01
3965 98953.01
3966 98937.64
3967 98937.64
3968 98937.64
3969 98937.64
3970 98937.64
3971 98717.43
3972 98717.43
3973 98717.43
3974 98717.43
3975 98717.43
3976 98680.41
3977 98680.41
3978 98680.41
3979 98680.41
3980 98680.41
3981 98680.41
3982 98680.41
3983 98680.41
3984 98680.41
3985 98680.41
3986 98680.41
3987 98680.41
3988 98680.41
3989 98680.41
3990 98680.41
3991 98680.41
3992 98680.41
3993 98680.41
3994 98680.41
3995 98680.41
3996 98680.41
3997 98680.41
3998 98680.41
3999 98680.41
4000 98680.41
4001 98680.41
4002 98680.41
4003 98680.41
4004 98674.26
4005 98674.26
4006 98674.26
4007 98674.26
4008 98674.26
4009 98674.26
4010 98674.26
4011 98674.26
4012 98674.26
4013 98674.26
4014 98674.26
4015 98674.26
4016 98674.26
4017 98674.26
4018 98674.26
4019 98674.26
4020 98436.44
4021 98436.44
4022 98436.44
4023 98436.44
4024 98436.44
4025 98368.60
4026 98368.60
4027 98368.60
4028 98368.60
4029 98368.60
4030 98368.60
4031 98368.60
4032 98368.60
4033 98368.60
4034 98368.60
4035 98368.60
4036 98327.17
4037 98327.17
4038 98327.17
4039 98327.17
4040 98327.17
4041 97857.11
4042 97857.11
4043 97857.11
4044 97857.11
4045 97857.11
4046 97857.11
4047 97857.11
4048 97857.11
4049 97857.11
4050 97857.11
4051 97812.90
4052 97812.90
4053 97812.90
4054 97805.34
4055 97369.16
4056 97369.16
4057 97369.16
4058 97369.16
4059 97369.16
4060 97369.16
4061 97369.16
4062 97369.16
4063 97369.16
4064 97369.16
4065 97369.16
4066 97369.16
4067 97369.16
4068 97369.16
4069 97369.16
4070 97369.16
4071 97369.16
4072 97331.98
4073 97331.98
4074 97331.98
4075 97331.98
4076 97190.03
4077 97190.03
4078 97190.03
4079 97190.03
4080 97190.03
4081 97079.05
4082 96996.77
4083 96996.77
4084 96996.77
4085 96996.77
4086 96996.77
4087 96996.77
4088 96996.77
4089 96996.77
4090 96996.77
4091 96996.77
4092 96996.77
4093 96984.28
4094 96984.28
4095 96984.28
4096 96984.28
4097 96683.39
4098 96683.39
4099 96683.39
4100 96683.39
4101 96683.39
4102 96683.39
4103 96683.39
4104 96683.39
4105 96683.39
4106 96683.39
4107 96683.39
4108 96683.39
4109 96683.39
4110 96683.39
4111 96683.39
4112 96638.64
4113 96635.71
4114 96635.71
4115 96635.71
4116 96554.29
4117 96554.29
4118 96554.29
4119 96554.29
4120 96554.29
4121 96554.29
4122 96554.29
4123 96554.29
4124 96554.29
4125 96554.29
4126 96554.29
4127 96554.29
4128 96554.29
4129 96554.29
4130 96554.29
4131 96554.29
4132 96554.29
4133 96554.29
4134 96554.29
4135 96554.29
4136 96554.29
4137 96554.29
4138 96554.29
4139 96436.17
4140 96436.17
4141 96436.17
4142 96436.17
4143 96435.40
4144 96435.40
4145 96435.40
4146 96435.40
4147 96424.53
4148 96424.53
4149 96385.71
4150 96385.71
4151 96385.71
4152 96385.71
4153 96385.71
4154 96385.71
4155 96385.71
4156 96385.71
4157 96385.71
4158 96385.71
4159 96385.71
4160 96385.71
4161 96385.71
4162 96385.71
4163 96385.71
4164 96385.71
4165 96385.71
4166 96385.71
4167 96366.72
4168 96366.72
4169 96366.72
4170 96366.72
4171 96358.08
4172 96358.08
4173 96358.08
4174 96358.08
4175 96358.08
4176 96358.08
4177 96358.08
4178 96358.08
4179 96358.08
4180 96358.08
4181 96358.08
4182 96358.08
4183 96358.08
4184 96358.08
4185 96358.08
4186 96358.08
4187 96298.54
4188 96298.54
4189 96298.54
4190 96298.54
4191 96298.54
4192 96197.93
4193 96197.93
4194 96197.93
4195 96197.93
4196 96197.93
4197 96197.93
4198 96197.93
4199 96197.93
4200 96197.93
4201 96197.93
4202 96197.93
4203 96197.93
4204 96197.93
4205 96197.93
4206 96197.93
4207 96197.93
4208 96197.93
4209 96197.93
4210 96157.23
4211 96157.23
4212 96157.23
4213 96157.23
4214 96157.23
4215 96157.23
4216 96157.23
4217 96157.23
4218 96157.23
4219 96157.23
4220 96157.23
4221 95827.48
4222 95827.48
4223 95827.48
4224 95827.48
4225 95827.48
4226 95827.48
4227 95827.48
4228 95821.98
4229 95792.59
4230 95792.59
4231 95791.67
4232 95791.67
4233 95611.99
4234 95611.99
4235 95611.99
4236 95611.99
4237 95611.99
4238 95611.99
4239 95573.91
4240 95573.91
4241 95573.91
4242 95573.91
4243 95573.91
4244 95573.91
4245 95573.91
4246 95573.91
4247 95573.91
4248 95573.91
4249 95435.22
4250 95435.22
4251 95334.34
4252 95334.34
4253 95334.34
4254 95334.34
4255 95334.34
4256 95334.34
4257 95334.34
4258 95334.34
4259 95334.34
4260 95334.34
4261 95334.34
4262 95334.34
4263 95334.34
4264 95334.34
4265 95334.34
4266 95334.34
4267 95334.34
4268 95334.34
4269 95334.34
4270 95334.34
4271 95334.34
4272 95334.34
4273 95334.34
4274 95334.34
4275 95334.34
4276 95334.34
4277 95178.27
4278 95178.27
4279 95178.27
4280 95178.27
4281 95178.27
4282 95178.27
4283 95178.27
4284 95178.27
4285 95178.27
4286 95111.23
4287 95111.23
4288 95111.23
4289 95111.23
4290 95111.23
4291 95111.23
4292 95111.23
4293 95111.23
4294 95111.23
4295 95111.23
4296 95111.23
4297 95111.23
4298 95111.23
4299 95111.23
4300 95111.23
4301 95111.23
4302 95111.23
4303 95111.23
4304 95111.23
4305 95111.23
4306 95111.23
4307 95111.23
4308 95111.23
4309 95111.23
4310 95111.23
4311 95111.23
4312 95111.23
4313 95111.23
4314 95111.23
4315 95111.23
4316 95111.23
4317 95111.23
4318 95111.23
4319 95111.23
4320 95111.23
4321 95111.23
4322 95111.23
4323 95111.23
4324 95111.23
4325 95111.23
4326 95111.23
4327 95111.23
4328 95111.23
4329 95111.23
4330 95111.23
4331 95111.23
4332 95111.23
4333 95111.23
4334 95111.23
4335 95111.23
4336 95111.23
4337 95111.23
4338 95087.28
4339 95087.28
4340 95087.28
4341 95087.28
4342 95087.28
4343 95087.28
4344 95087.28
4345 95087.28
4346 94631.40
4347 94631.40
4348 94607.95
4349 94607.95
4350 94607.95
4351 94607.95
4352 94607.95
4353 94607.95
4354 94607.95
4355 94607.95
4356 94607.95
4357 94607.95
4358 94550.55
4359 94471.33
4360 94471.33
4361 94471.33
4362 94471.33
4363 94471.33
4364 94471.33
4365 94371.73
4366 94371.73
4367 94371.73
4368 94371.73
4369 94371.73
4370 94371.73
4371 94371.73
4372 94371.73
4373 94371.73
4374 94371.73
4375 94371.73
4376 94371.73
4377 94124.73
4378 94124.73
4379 94124.73
4380 94124.73
4381 94124.73
4382 94124.73
4383 94124.73
4384 94124.73
4385 94124.73
4386 94124.73
4387 94124.73
4388 94124.73
4389 94124.73
4390 94036.95
4391 94036.95
4392 94036.95
4393 94036.95
4394 94036.95
4395 94036.95
4396 94036.95
4397 94036.95
4398 94036.95
4399 94036.95
4400 94036.95
4401 94036.95
4402 94036.95
4403 94036.95
4404 94036.95
4405 94036.95
4406 94036.95
4407 94036.95
4408 94036.95
4409 94029.89
4410 94029.89
4411 94029.89
4412 94029.89
4413 94029.89
4414 93810.64
4415 93810.64
4416 93810.64
4417 93810.64
4418 93810.64
4419 93810.64
4420 93576.35
4421 93576.35
4422 93533.41
4423 93533.41
4424 93533.41
4425 93533.41
4426 93533.41
4427 93533.41
4428 93533.41
4429 93533.41
4430 93533.41
4431 93533.41
4432 93533.41
4433 93533.41
4434 93291.30
4435 93291.30
4436 93291.30
4437 93291.30
4438 93291.30
4439 93291.30
4440 93291.30
4441 93291.30
4442 93291.30
4443 93291.30
4444 93291.30
4445 93291.30
4446 93045.61
4447 93045.61
4448 93045.61
4449 93045.61
4450 93045.61
4451 93045.61
4452 93040.58
4453 93040.58
4454 93040.58
4455 93040.58
4456 93040.58
4457 93040.58
4458 93040.58
4459 93040.58
4460 93040.58
4461 93040.58
4462 93040.58
4463 92939.21
4464 92939.21
4465 92939.21
4466 92939.21
4467 92939.21
4468 92939.21
4469 92939.21
4470 92939.21
4471 92939.21
4472 92939.21
4473 92939.21
4474 92939.21
4475 92939.21
4476 92939.21
4477 92939.21
4478 92939.21
4479 92772.85
4480 92772.85
4481 92772.85
4482 92772.85
4483 92772.85
4484 92772.85
4485 92757.96
4486 92548.87
4487 92548.87
4488 92548.87
4489 92548.87
4490 92548.87
4491 92548.87
4492 92548.87
4493 92548.87
4494 92548.87
4495 92548.87
4496 92548.87
4497 92548.87
4498 92548.87
4499 92548.87
4500 92548.87
4501 92548.87
4502 92548.87
4503 92548.87
4504 92548.87
4505 92548.87
4506 92548.87
4507 92548.87
4508 92548.87
4509 92548.87
4510 92548.87
4511 92548.87
4512 92548.87
4513 92548.87
4514 92548.87
4515 92548.87
4516 92421.13
4517 92421.13
4518 92421.13
4519 92421.13
4520 92421.13
4521 92307.29
4522 92307.29
4523 92222.06
4524 91917.81
4525 91917.81
4526 91917.81
4527 91821.92
4528 91821.92
4529 91821.92
4530 91821.92
4531 91821.92
4532 91821.92
4533 91821.92
4534 91821.92
4535 91758.57
4536 91570.75
4537 91570.75
4538 91570.75
4539 91570.75
4540 91570.75
4541 91570.75
4542 91570.75
4543 91570.75
4544 91570.75
4545 91527.08
4546 91527.08
4547 91472.71
4548 91472.71
4549 91472.71
4550 91472.71
4551 91472.71
4552 91472.71
4553 91472.71
4554 91472.71
4555 91472.71
4556 91472.71
4557 91472.71
4558 91472.71
4559 91472.71
4560 91472.71
4561 91472.71
4562 91472.71
4563 91472.71
4564 91472.71
4565 91472.71
4566 91472.71
4567 91472.71
4568 91472.71
4569 91472.71
4570 91418.66
4571 91418.66
4572 91335.83
4573 91289.23
4574 91283.39
4575 91283.39
4576 91213.92
4577 91213.92
4578 91082.88
4579 91082.88
4580 91082.88
4581 91082.88
4582 91082.88
4583 91078.37
4584 91078.37
4585 91078.37
4586 90976.80
4587 90976.80
4588 90976.80
4589 90976.80
4590 90976.80
4591 90976.80
4592 90976.80
4593 90976.80
4594 90976.80
4595 90976.80
4596 90976.80
4597 90976.80
4598 90976.80
4599 90976.80
4600 90976.80
4601 90976.80
4602 90976.80
4603 90976.80
4604 90976.80
4605 90976.80
4606 90976.80
4607 90976.80
4608 90976.80
4609 90976.80
4610 90976.80
4611 90976.80
4612 90976.80
4613 90976.80
4614 90976.80
4615 90838.16
4616 90838.16
4617 90838.16
4618 90838.16
4619 90838.16
4620 90838.16
4621 90838.16
4622 90838.16
4623 90838.16
4624 90838.16
4625 90838.16
4626 90838.16
4627 90753.28
4628 90753.28
4629 90753.28
4630 90753.28
4631 90753.28
4632 90753.28
4633 90753.28
4634 90753.28
4635 90753.28
4636 90753.28
4637 90753.28
4638 90753.28
4639 90753.28
4640 90753.28
4641 90697.17
4642 90697.17
4643 90697.17
4644 90697.17
4645 90697.17
4646 90697.17
4647 90697.17
4648 90697.17
4649 90697.17
4650 90697.17
4651 90697.17
4652 90697.17
4653 90697.17
4654 90697.17
4655 90697.17
4656 90697.17
4657 90697.17
4658 90697.17
4659 90697.17
4660 90697.17
4661 90697.17
4662 90697.17
4663 90493.66
4664 90493.66
4665 90162.62
4666 90162.62
4667 90064.11
4668 90064.11
4669 90064.11
4670 90064.11
4671 90064.11
4672 90064.11
4673 90064.11
4674 90064.11
4675 90064.11
4676 90064.11
4677 90064.11
4678 90064.11
4679 90002.38
4680 90002.38
4681 90002.38
4682 90002.38
4683 90002.38
4684 90002.38
4685 90002.38
4686 90002.38
4687 89968.01
4688 89796.22
4689 89796.22
4690 89646.30
4691 89646.30
4692 89646.30
4693 89646.30
4694 89646.30
4695 89646.30
4696 89646.30
4697 89646.30
4698 89646.30
4699 89646.30
4700 89646.30
4701 89646.30
4702 89646.30
4703 89646.30
4704 89646.30
4705 89646.30
4706 89646.30
4707 89646.30
4708 89619.75
4709 89619.75
4710 89619.75
4711 89619.75
4712 89619.75
4713 89619.75
4714 89618.53
4715 89618.53
4716 89618.53
4717 89618.53
4718 89618.53
4719 89618.53
4720 89618.53
4721 89618.53
4722 89618.53
4723 89618.53
4724 89618.53
4725 89618.53
4726 89618.53
4727 89618.53
4728 89618.53
4729 89618.53
4730 89618.53
4731 89618.53
4732 89618.53
4733 89618.53
4734 89618.53
4735 89618.53
4736 89618.53
4737 89618.53
4738 89618.53
4739 89618.53
4740 89618.53
4741 89618.53
4742 89618.53
4743 89618.53
4744 89618.53
4745 89618.53
4746 89618.53
4747 89618.53
4748 89618.53
4749 89618.53
4750 89600.10
4751 89600.10
4752 89600.10
4753 89600.10
4754 89600.10
4755 89600.10
4756 89600.10
4757 89600.10
4758 89600.10
4759 89600.10
4760 89600.10
4761 89600.10
4762 89600.10
4763 89600.10
4764 89600.10
4765 89600.10
4766 89600.10
4767 89600.10
4768 89600.10
4769 89513.33
4770 89513.33
4771 89513.33
4772 89513.33
4773 89367.05
4774 89367.05
4775 89367.05
4776 89367.05
4777 89232.12
4778 89232.12
4779 89232.12
4780 89232.12
4781 89232.12
4782 89232.12
4783 89232.12
4784 89232.12
4785 89232.12
4786 89232.12
4787 89232.12
4788 89232.12
4789 89232.12
4790 89142.84
4791 89142.84
4792 89142.84
4793 89142.84
4794 89142.84
4795 89142.84
4796 89142.84
4797 89142.84
4798 89142.84
4799 89142.84
4800 89142.84
4801 89142.84
4802 89142.84
4803 89142.84
4804 89142.84
4805 89142.84
4806 89142.84
4807 89068.80
4808 89068.80
4809 89068.80
4810 89068.80
4811 89068.80
4812 89068.80
4813 89068.80
4814 89068.80
4815 89068.80
4816 89068.80
4817 89068.80
4818 89068.80
4819 89068.80
4820 89068.80
4821 89068.80
4822 89068.80
4823 89068.80
4824 89068.80
4825 89068.80
4826 89068.80
4827 89068.80
4828 89068.80
4829 89068.80
4830 89068.80
4831 89068.80
4832 89068.80
4833 89068.80
4834 89068.80
4835 89068.80
4836 89068.80
4837 89068.80
4838 89068.80
4839 89068.80
4840 89068.80
4841 89068.80
4842 89068.80
4843 89068.80
4844 89068.80
4845 89042.49
4846 89042.49
4847 89042.49
4848 89042.49
4849 89042.49
4850 89042.49
4851 89042.49
4852 89042.49
4853 89042.49
4854 89042.49
4855 89042.49
4856 89042.49
4857 88897.37
4858 88897.37
4859 88897.37
4860 88897.37
4861 88897.37
4862 88897.37
4863 88897.37
4864 88897.37
4865 88897.37
4866 88897.37
4867 88897.37
4868 88897.37
4869 88897.37
4870 88843.77
4871 88843.77
4872 88843.77
4873 88843.77
4874 88843.77
4875 88843.77
4876 88843.77
4877 88759.97
4878 88759.97
4879 88759.97
4880 88759.97
4881 88759.97
4882 88759.97
4883 88759.97
4884 88759.97
4885 88676.71
4886 88676.71
4887 88676.71
4888 88676.71
4889 88676.71
4890 88676.71
4891 88676.71
4892 88676.71
4893 88676.71
4894 88676.71
4895 88676.71
4896 88651.11
4897 88651.11
4898 88651.11
4899 88651.11
4900 88651.11
4901 88651.11
4902 88651.11
4903 88651.11
4904 88634.44
4905 88521.39
4906 88521.39
4907 88521.39
4908 88521.39
4909 88521.39
4910 88521.39
4911 88521.39
4912 88521.39
4913 88521.39
4914 88521.39
4915 88415.05
4916 88415.05
4917 88415.05
4918 88415.05
4919 88415.05
4920 88415.05
4921 88415.05
4922 88415.05
4923 88415.05
4924 88415.05
4925 88294.90
4926 88294.90
4927 88294.90
4928 88294.90
4929 88294.90
4930 88294.90
4931 88294.90
4932 88294.90
4933 88294.90
4934 88294.90
4935 88294.90
4936 88294.90
4937 88294.90
4938 88294.90
4939 88294.90
4940 88294.90
4941 88294.90
4942 88294.90
4943 88294.90
4944 88294.90
4945 88294.90
4946 88294.90
4947 88294.90
4948 88294.90
4949 88294.90
4950 88294.90
4951 88294.90
4952 88294.90
4953 88294.90
4954 88294.90
4955 88294.90
4956 88294.90
4957 88294.90
4958 88294.90
4959 88294.90
4960 88294.90
4961 88294.90
4962 88294.90
4963 88294.90
4964 88294.90
4965 88294.90
4966 88294.90
4967 88294.90
4968 88294.90
4969 88287.90
4970 88287.90
4971 88287.90
4972 88287.90
4973 88287.90
4974 88287.90
4975 88287.90
4976 88287.90
4977 88287.90
4978 88287.90
4979 88287.90
4980 88287.90
4981 88287.90
4982 88287.90
4983 88020.82
4984 88020.82
4985 88020.82
4986 88020.82
4987 88020.82
4988 88020.82
4989 88020.82
4990 88020.82
4991 88020.82
4992 88020.82
4993 88020.82
4994 88020.82
4995 87883.39
4996 87883.39
4997 87883.39
4998 87883.39
4999 87883.39
