0 460049.68
1 459732.77
2 459732.77
3 459068.04
4 459068.04
5 458679.03
6 458679.03
7 458679.03
8 458679.03
9 458490.20
10 458490.20
11 458281.67
12 458281.67
13 458281.67
14 458070.48
15 458070.48
16 458070.48
17 457721.13
18 457721.13
19 457721.13
20 457618.23
21 457618.23
22 456796.41
23 456796.41
24 456796.41
25 456722.11
26 456722.11
27 456490.55
28 456490.55
29 456490.55
30 456485.50
31 456485.50
32 456223.99
33 456223.99
34 456171.75
35 456171.75
36 456171.75
37 456031.22
38 456031.22
39 455727.34
40 455727.34
41 454971.06
42 454971.06
43 454971.06
44 454971.06
45 454971.06
46 454971.06
47 454971.06
48 454971.06
49 454830.76
50 454830.76
51 454830.76
52 454196.50
53 454196.50
54 454123.89
55 454123.89
56 454123.89
57 454123.89
58 454123.89
59 454123.89
60 454123.89
61 454123.89
62 454123.89
63 454123.89
64 453968.14
65 453659.80
66 453659.80
67 453496.74
68 453112.58
69 453112.58
70 452889.18
71 452889.18
72 452755.68
73 452755.68
74 452755.68
75 452465.48
76 452325.00
77 452325.00
78 452325.00
79 452325.00
80 452325.00
81 452156.22
82 452156.22
83 452156.22
84 452079.26
85 451968.64
86 451369.29
87 451369.29
88 451369.29
89 451369.29
90 450879.77
91 450879.77
92 450809.13
93 450402.30
94 450402.30
95 450402.30
96 450402.30
97 450402.30
98 450402.30
99 449984.25
100 449984.25
101 449984.25
102 449984.25
103 449984.25
104 449984.25
105 449940.66
106 449940.66
107 449940.66
108 449647.44
109 449647.44
110 449647.44
111 449647.44
112 449381.22
113 449316.04
114 449316.04
115 449316.04
116 449316.04
117 449269.22
118 448598.15
119 448598.15
120 448598.15
121 448598.15
122 448598.15
123 448554.84
124 448554.84
125 448470.60
126 448170.84
127 448170.84
128 448170.84
129 448170.84
130 448102.10
131 448102.10
132 448102.10
133 447852.53
134 447852.53
135 447506.41
136 447304.22
137 447304.22
138 446561.68
139 446561.68
140 446561.68
141 446561.68
142 446135.93
143 446135.93
144 446135.93
145 445300.57
146 445300.57
147 445088.02
148 445088.02
149 445088.02
150 445088.02
151 445088.02
152 444912.30
153 444912.30
154 444912.30
155 444724.33
156 444724.33
157 444669.90
158 444669.90
159 444669.90
160 444669.90
161 444526.53
162 444111.36
163 444111.36
164 444097.32
165 444097.32
166 443934.01
167 443934.01
168 443934.01
169 443934.01
170 443934.01
171 443934.01
172 443819.03
173 443819.03
174 443819.03
175 443354.78
176 443354.78
177 443142.17
178 443142.17
179 443142.17
180 443142.17
181 443142.17
182 443134.39
183 442691.95
184 442691.95
185 442271.85
186 442037.34
187 442037.34
188 441395.47
189 441272.66
190 441272.66
191 441272.66
192 440776.82
193 440776.82
194 440776.82
195 440776.82
196 440776.82
197 440776.82
198 440621.12
199 440621.12
200 440621.12
201 440621.12
202 440621.12
203 440437.65
204 440437.65
205 440437.65
206 440437.65
207 440039.18
208 439857.11
209 439857.11
210 439857.11
211 439412.54
212 439223.31
213 439223.31
214 439223.31
215 439223.31
216 439223.31
217 439223.31
218 439223.31
219 438815.60
220 438815.60
221 438815.60
222 438306.67
223 437914.04
224 437247.21
225 437247.21
226 437247.21
227 437247.21
228 437247.21
229 437247.21
230 436987.31
231 436987.31
232 436659.08
233 436659.08
234 436659.08
235 436659.08
236 436659.08
237 436490.62
238 436490.62
239 435589.50
240 435314.54
241 435196.09
242 435196.09
243 435196.09
244 435196.09
245 435196.09
246 434744.25
247 434077.27
248 433971.95
249 433971.95
250 433745.36
251 433515.27
252 433515.27
253 433515.27
254 433515.27
255 433515.27
256 433515.27
257 433515.27
258 433457.61
259 433457.61
260 433457.61
261 433457.61
262 433457.61
263 433457.61
264 433241.75
265 433241.75
266 433241.75
267 433241.75
268 433241.75
269 432923.22
270 432923.22
271 432713.94
272 432713.94
273 432238.30
274 432238.30
275 432238.30
276 432238.30
277 432238.30
278 432238.30
279 432238.30
280 432101.51
281 432101.51
282 432101.51
283 431795.36
284 431795.36
285 431597.06
286 431597.06
287 431597.06
288 431492.39
289 431492.39
290 431492.39
291 431492.39
292 431382.62
293 431382.62
294 431382.62
295 431301.95
296 431301.95
297 431301.95
298 431301.95
299 431301.95
300 431301.95
301 431301.95
302 431046.75
303 431046.75
304 431046.75
305 430700.47
306 430700.47
307 430584.55
308 430584.55
309 430584.55
310 430584.55
311 430584.55
312 430584.55
313 430584.55
314 430584.55
315 430488.10
316 430488.10
317 430488.10
318 430332.78
319 430332.78
320 429883.28
321 429883.28
322 429654.50
323 429246.95
324 429178.62
325 429088.26
326 429088.26
327 429088.26
328 429088.26
329 429088.26
330 428767.02
331 428767.02
332 428767.02
333 428510.57
334 428510.57
335 428510.57
336 428017.17
337 428017.17
338 428017.17
339 428017.17
340 428017.17
341 428017.17
342 428017.17
343 428017.17
344 428017.17
345 428001.75
346 428001.75
347 428001.75
348 428001.75
349 427821.90
350 427821.90
351 427821.90
352 427821.90
353 427821.90
354 427821.90
355 427821.90
356 427821.90
357 427821.90
358 427821.90
359 427571.25
360 427571.25
361 427571.25
362 427571.25
363 427128.67
364 427000.04
365 427000.04
366 427000.04
367 427000.04
368 426066.87
369 426066.87
370 426066.87
371 426036.47
372 426036.47
373 425373.78
374 424958.80
375 424918.39
376 424918.39
377 424918.39
378 424918.39
379 424918.39
380 424918.39
381 424918.39
382 424918.39
383 424918.39
384 424918.39
385 424870.34
386 424870.34
387 424870.34
388 424870.34
389 424870.34
390 424870.34
391 424870.34
392 424870.34
393 424870.34
394 424870.34
395 424870.34
396 424870.34
397 424870.34
398 424670.31
399 424670.31
400 424670.31
401 424670.31
402 424670.31
403 424670.31
404 424670.31
405 424417.53
406 424370.65
407 424370.65
408 424370.65
409 424107.03
410 423888.61
411 423888.61
412 423888.61
413 423868.88
414 423868.88
415 423677.09
416 423677.09
417 423636.87
418 423497.08
419 423497.08
420 423233.86
421 423233.86
422 422675.04
423 422675.04
424 422668.73
425 422668.73
426 422298.09
427 422298.09
428 422285.20
429 422285.20
430 422285.20
431 422285.20
432 422285.20
433 421727.40
434 421589.99
435 421589.99
436 421589.99
437 421589.99
438 421189.08
439 420939.29
440 420939.29
441 420533.60
442 420533.60
443 420533.60
444 420533.60
445 420458.95
446 420343.04
447 420343.04
448 420343.04
449 420343.04
450 420077.66
451 419888.81
452 419888.81
453 419888.81
454 419294.82
455 419294.82
456 419294.82
457 419294.82
458 419294.82
459 419294.82
460 419294.82
461 419294.82
462 419136.89
463 418818.19
464 418818.19
465 418818.19
466 418818.19
467 418818.19
468 418818.19
469 418818.19
470 418818.19
471 418583.02
472 418499.90
473 418288.38
474 418214.68
475 418214.68
476 417922.88
477 417599.00
478 417599.00
479 417599.00
480 417514.69
481 417514.69
482 417514.69
483 417085.66
484 416881.12
485 416881.12
486 416376.08
487 416086.36
488 415914.82
489 415792.48
490 415792.48
491 415792.48
492 415792.48
493 415792.48
494 415349.11
495 415349.11
496 415349.11
497 415206.71
498 415206.71
499 415206.71
500 415206.71
501 415206.71
502 414891.92
503 414490.12
504 414490.12
505 414490.12
506 414490.12
507 414490.12
508 414490.12
509 414490.12
510 414490.12
511 414287.45
512 414287.45
513 414287.45
514 413776.40
515 413721.46
516 413721.46
517 413272.41
518 413272.41
519 413272.41
520 413272.41
521 413217.81
522 413217.81
523 413217.81
524 413217.81
525 413217.81
526 413217.81
527 413217.81
528 413217.81
529 413160.15
530 413156.54
531 412742.48
532 412742.48
533 412695.34
534 412695.34
535 412695.34
536 412695.34
537 412587.54
538 412587.54
539 412177.35
540 411458.52
541 411458.52
542 411458.52
543 411458.52
544 411458.52
545 411458.52
546 411458.52
547 411458.52
548 411458.52
549 411458.52
550 411458.52
551 411458.52
552 411393.82
553 411393.82
554 411393.82
555 411393.82
556 411241.50
557 411241.50
558 411241.50
559 411241.50
560 411241.50
561 411241.50
562 410767.47
563 410767.47
564 410767.47
565 410767.47
566 410767.47
567 410767.47
568 410767.47
569 410767.47
570 410767.47
571 410767.47
572 410734.96
573 410709.13
574 410505.23
575 410505.23
576 410505.23
577 410505.23
578 410505.23
579 410505.23
580 410200.51
581 410200.51
582 409950.51
583 409950.51
584 409950.51
585 409863.20
586 409782.86
587 409782.86
588 409782.86
589 409782.86
590 409525.62
591 409491.98
592 409263.08
593 409263.08
594 409263.08
595 409046.64
596 409046.64
597 409046.64
598 409046.64
599 409046.64
600 409046.64
601 409046.64
602 409046.64
603 409046.64
604 409046.64
605 408981.48
606 408981.48
607 408981.48
608 408981.48
609 408981.48
610 408981.48
611 408643.76
612 408482.96
613 408079.75
614 408079.75
615 407440.24
616 407440.24
617 407440.24
618 407440.24
619 407440.24
620 407440.24
621 407440.24
622 407111.47
623 406262.75
624 405909.96
625 405096.46
626 405096.46
627 404788.56
628 404406.14
629 403775.45
630 403775.45
631 403775.45
632 403775.45
633 403775.45
634 403775.45
635 403724.58
636 403724.58
637 403724.58
638 403139.88
639 402571.71
640 402506.09
641 402506.09
642 402506.09
643 402506.09
644 402506.09
645 402506.09
646 402361.40
647 401745.45
648 401745.45
649 401122.78
650 401122.78
651 400827.46
652 400277.46
653 399928.29
654 399710.40
655 399710.40
656 399272.57
657 399163.79
658 398881.78
659 398710.48
660 398556.42
661 398556.42
662 398556.42
663 398516.04
664 398390.87
665 398286.74
666 398268.52
667 398002.96
668 397639.72
669 397637.69
670 397637.69
671 397637.69
672 397367.28
673 397367.28
674 396872.42
675 396872.42
676 396872.42
677 396872.42
678 396872.42
679 396872.42
680 396705.20
681 396705.20
682 396705.20
683 396530.83
684 396446.94
685 396228.53
686 396228.53
687 396228.53
688 396228.53
689 396228.53
690 395473.81
691 395438.89
692 395438.89
693 395366.68
694 395366.68
695 395240.91
696 395240.91
697 394788.74
698 394788.74
699 394523.65
700 394523.65
701 393971.90
702 393971.90
703 393971.90
704 393593.03
705 393593.03
706 393593.03
707 393593.03
708 393501.24
709 393501.24
710 393114.32
711 393114.32
712 393114.32
713 392697.48
714 392541.82
715 392541.82
716 392541.82
717 392373.27
718 392373.27
719 392373.27
720 392373.27
721 392068.75
722 392068.75
723 392068.75
724 392068.75
725 392068.75
726 392030.90
727 392030.90
728 392030.90
729 391939.82
730 391383.66
731 391383.66
732 391207.15
733 391205.29
734 391205.29
735 391205.29
736 391205.29
737 390954.73
738 390756.22
739 390756.22
740 390215.66
741 390215.66
742 390007.45
743 389572.62
744 389347.39
745 389341.00
746 389341.00
747 389341.00
748 389341.00
749 389341.00
750 389133.68
751 389133.68
752 389133.68
753 389133.68
754 389112.39
755 389112.39
756 389112.39
757 388891.66
758 388891.66
759 388891.66
760 388891.66
761 388788.89
762 388743.32
763 388743.32
764 388743.32
765 388743.32
766 388672.51
767 388672.51
768 388672.51
769 388672.51
770 388672.51
771 388498.69
772 388498.69
773 387935.72
774 387935.72
775 387935.72
776 387935.72
777 387935.72
778 387935.72
779 387876.34
780 387876.34
781 387876.34
782 387876.34
783 387574.69
784 387574.69
785 387531.17
786 387531.17
787 387269.06
788 387269.06
789 387090.88
790 387090.88
791 386986.11
792 386551.57
793 386551.57
794 386208.94
795 386208.94
796 386190.04
797 386062.77
798 386062.77
799 386062.77
800 386058.86
801 386058.86
802 386058.86
803 386058.86
804 386058.86
805 385774.96
806 385458.45
807 385458.45
808 385207.37
809 384980.06
810 384775.63
811 384775.63
812 384469.38
813 384469.38
814 384169.86
815 384169.86
816 384169.86
817 383565.82
818 383565.82
819 383095.29
820 382879.48
821 382268.28
822 382268.28
823 382231.54
824 382231.54
825 382231.54
826 382231.54
827 382231.54
828 382231.54
829 382017.83
830 381850.53
831 381850.53
832 381850.53
833 381696.10
834 381696.10
835 381696.10
836 381525.38
837 381525.38
838 381525.38
839 381525.38
840 381525.38
841 381350.30
842 381220.50
843 380982.33
844 380982.33
845 380829.52
846 380829.52
847 380829.52
848 380745.57
849 380588.72
850 380153.87
851 380153.87
852 380153.87
853 380153.87
854 380086.04
855 380086.04
856 380086.04
857 380037.19
858 379946.94
859 379946.94
860 379946.94
861 379895.68
862 379895.68
863 379895.68
864 379895.68
865 379895.68
866 379895.68
867 379895.68
868 379604.74
869 379604.74
870 379604.74
871 379604.74
872 379604.74
873 379067.55
874 379036.91
875 379036.91
876 379036.91
877 379036.91
878 379036.91
879 379036.91
880 379036.91
881 378680.24
882 378680.24
883 378680.24
884 378680.24
885 378680.24
886 378397.97
887 378397.97
888 378397.97
889 378397.97
890 378397.97
891 378397.97
892 378210.18
893 378210.18
894 378210.18
895 378210.18
896 378210.18
897 378210.18
898 378210.18
899 378210.18
900 377916.44
901 377916.44
902 377916.44
903 377916.44
904 377916.44
905 377916.44
906 377916.44
907 377761.84
908 377761.84
909 377761.84
910 377761.84
911 377344.50
912 377344.50
913 377344.50
914 377344.50
915 377344.50
916 377344.50
917 377344.50
918 377288.47
919 376912.50
920 376637.28
921 376637.28
922 376637.28
923 376637.28
924 376637.28
925 376614.93
926 376614.93
927 376614.93
928 376528.87
929 376528.87
930 376528.87
931 376528.87
932 376528.87
933 376340.26
934 376340.26
935 376340.26
936 376229.70
937 376229.70
938 376046.20
939 376046.20
940 376046.20
941 375687.52
942 375433.94
943 375433.94
944 375433.94
945 375433.94
946 375390.80
947 375331.96
948 375247.13
949 375059.97
950 374897.26
951 374897.26
952 374897.26
953 374897.26
954 374897.26
955 374897.26
956 374897.26
957 374771.43
958 374126.21
959 374047.87
960 373765.30
961 373765.30
962 373430.88
963 373430.88
964 373430.88
965 373352.00
966 373037.57
967 373037.57
968 373037.57
969 373037.57
970 373037.57
971 373037.57
972 373037.57
973 373037.57
974 373037.57
975 373026.68
976 373026.68
977 372967.49
978 372913.38
979 372913.38
980 372913.38
981 372913.38
982 372913.38
983 372913.38
984 372913.38
985 372321.98
986 372321.98
987 372002.00
988 372002.00
989 372002.00
990 372002.00
991 372002.00
992 372002.00
993 372002.00
994 372002.00
995 372002.00
996 372002.00
997 372002.00
998 371362.84
999 371362.84
