0 462791.05
1 462410.83
2 462410.83
3 462410.83
4 462403.15
5 462403.15
6 462403.15
7 462403.15
8 462403.15
9 462403.15
10 462403.15
11 462050.34
12 461525.69
13 461525.69
14 461338.69
15 461338.69
16 461338.69
17 460782.61
18 460782.61
19 460762.21
20 460762.21
21 460170.88
22 459491.30
23 459455.78
24 459455.78
25 459455.78
26 458874.15
27 458874.15
28 458874.15
29 458688.86
30 458597.92
31 458597.92
32 458107.26
33 457820.85
34 457820.85
35 457820.85
36 457820.85
37 457820.85
38 457820.85
39 457820.85
40 457820.85
41 457820.85
42 457202.92
43 457202.92
44 457202.92
45 457202.92
46 457094.15
47 457094.15
48 457094.15
49 457074.05
50 456876.06
51 456876.06
52 456378.42
53 456378.42
54 456378.42
55 456378.42
56 456322.10
57 456063.07
58 456063.07
59 456063.07
60 456047.42
61 455616.49
62 455616.49
63 455616.49
64 455616.49
65 455544.51
66 455544.51
67 455544.51
68 455544.51
69 455544.51
70 455544.51
71 455402.71
72 455402.71
73 455184.96
74 455184.96
75 454510.11
76 454510.11
77 454510.11
78 453870.62
79 453870.62
80 453870.62
81 453870.62
82 453636.02
83 453599.12
84 453599.12
85 453599.12
86 453599.12
87 453599.12
88 453442.33
89 453442.33
90 453442.33
91 453399.13
92 453202.42
93 453202.42
94 452845.81
95 452792.42
96 452792.42
97 452792.42
98 452792.42
99 452792.42
100 452733.44
101 452733.44
102 452733.44
103 452202.05
104 451614.02
105 451146.86
106 451146.86
107 451146.86
108 451146.86
109 451032.39
110 450867.83
111 450867.83
112 450867.83
113 450867.83
114 450785.77
115 450785.77
116 450785.77
117 450785.77
118 450785.77
119 450785.77
120 450785.77
121 450785.77
122 450668.59
123 450301.04
124 450301.04
125 450278.69
126 450278.69
127 449786.87
128 449786.87
129 449786.87
130 449657.94
131 449657.94
132 449657.94
133 449657.94
134 449657.94
135 449657.94
136 448965.58
137 448965.58
138 448965.58
139 448809.03
140 448809.03
141 448739.81
142 448178.46
143 448178.46
144 447950.10
145 447950.10
146 447950.10
147 447950.10
148 447882.39
149 447882.39
150 447882.39
151 447882.39
152 447882.39
153 447867.96
154 447867.96
155 447867.96
156 447867.96
157 447867.96
158 447463.05
159 446949.30
160 446949.30
161 446949.30
162 446949.30
163 446686.10
164 446686.10
165 446686.10
166 446686.10
167 446686.10
168 446686.10
169 446686.10
170 446686.10
171 446686.10
172 446686.10
173 446686.10
174 446667.95
175 446667.95
176 446667.95
177 446198.04
178 446198.04
179 445626.13
180 445626.13
181 445626.13
182 445626.13
183 445138.07
184 444359.60
185 444171.76
186 444171.76
187 444171.76
188 444171.76
189 444171.76
190 444171.76
191 443938.95
192 443562.99
193 443562.99
194 443562.99
195 443562.99
196 443562.99
197 443562.99
198 443562.99
199 443480.16
200 443480.16
201 443236.46
202 443236.46
203 443236.46
204 442793.47
205 442793.47
206 442793.47
207 442142.65
208 441722.28
209 441722.28
210 441722.28
211 441722.28
212 441722.28
213 441569.48
214 441569.48
215 441569.48
216 441569.48
217 441569.48
218 441569.48
219 441569.48
220 441569.48
221 441569.48
222 441236.11
223 441236.11
224 441206.55
225 441206.55
226 441206.55
227 441117.69
228 440645.97
229 440494.58
230 440494.58
231 440494.58
232 440193.65
233 440193.65
234 440171.77
235 440171.77
236 440171.77
237 439430.75
238 439202.69
239 439202.69
240 439132.21
241 438970.64
242 438950.55
243 438446.90
244 438446.90
245 438446.90
246 438231.84
247 438231.84
248 438109.83
249 438109.83
250 438109.83
251 438109.83
252 437481.53
253 437481.53
254 437466.16
255 437466.16
256 437466.16
257 436913.55
258 436697.33
259 436433.96
260 436291.16
261 436291.16
262 436256.94
263 436256.94
264 436256.94
265 436256.94
266 436256.94
267 436256.94
268 435972.06
269 435292.41
270 435292.41
271 435292.41
272 435292.41
273 435057.90
274 435057.90
275 435057.90
276 435057.90
277 435057.90
278 435057.90
279 435057.90
280 435057.90
281 435057.90
282 434868.20
283 434868.20
284 434868.20
285 434868.20
286 434868.20
287 434868.20
288 434580.11
289 434320.74
290 434320.74
291 434182.74
292 434182.74
293 433532.95
294 433532.95
295 433532.95
296 433532.95
297 433532.95
298 433309.26
299 433309.26
300 433146.85
301 433005.48
302 432487.58
303 432487.58
304 432487.58
305 432487.58
306 432430.05
307 431912.02
308 431912.02
309 431912.02
310 431912.02
311 431912.02
312 431744.53
313 431744.53
314 431743.74
315 431296.42
316 431296.42
317 430846.52
318 430846.52
319 430846.52
320 430846.52
321 430846.52
322 430846.52
323 430353.28
324 429591.70
325 429591.70
326 429571.96
327 429304.08
328 429304.08
329 429304.08
330 429304.08
331 429304.08
332 429304.08
333 429304.08
334 429053.71
335 429053.71
336 429053.71
337 429053.71
338 429053.71
339 429053.71
340 429053.71
341 428898.83
342 428898.83
343 428898.83
344 428898.83
345 428898.83
346 428898.83
347 428898.83
348 428898.83
349 428898.83
350 428417.68
351 428417.68
352 428417.68
353 428212.66
354 428212.66
355 428212.66
356 428212.66
357 428212.66
358 428212.66
359 428212.66
360 428212.66
361 427982.96
362 427982.96
363 427982.96
364 427982.96
365 427982.96
366 427729.86
367 427729.86
368 427729.86
369 427729.86
370 427729.86
371 427706.54
372 427706.54
373 427706.54
374 427706.54
375 427706.54
376 427706.54
377 427706.54
378 427706.54
379 427706.54
380 427706.54
381 427706.54
382 427635.35
383 427635.35
384 427635.35
385 427634.55
386 427415.29
387 427415.29
388 427415.29
389 427415.29
390 427415.29
391 427415.29
392 427374.85
393 427374.85
394 427374.85
395 427198.83
396 426842.90
397 426842.90
398 426842.90
399 426669.02
400 426423.21
401 426423.21
402 426423.21
403 426289.81
404 426289.81
405 425635.66
406 425635.66
407 425635.66
408 425635.66
409 425635.66
410 425531.55
411 425531.55
412 425338.60
413 425338.60
414 425338.60
415 425338.60
416 425338.60
417 425338.60
418 425338.60
419 425338.60
420 425187.22
421 425187.22
422 425056.05
423 425056.05
424 425056.05
425 425056.05
426 425056.05
427 424670.29
428 424670.29
429 424670.29
430 424670.29
431 424358.42
432 424358.42
433 424358.42
434 424358.42
435 424358.42
436 424215.73
437 424073.17
438 424073.17
439 423622.10
440 423622.10
441 423513.17
442 423058.38
443 423057.74
444 422917.03
445 422917.03
446 422917.03
447 422917.03
448 422917.03
449 422917.03
450 422461.94
451 422461.94
452 422314.04
453 422314.04
454 422314.04
455 422314.04
456 422283.63
457 422097.66
458 422097.66
459 422082.17
460 422082.17
461 422082.17
462 422082.17
463 422026.73
464 421977.55
465 421962.57
466 421962.57
467 421962.57
468 421962.57
469 421962.57
470 421962.57
471 421962.57
472 421962.57
473 421962.57
474 421962.57
475 421962.57
476 421962.57
477 421962.57
478 421962.57
479 421740.76
480 421740.76
481 421740.76
482 421475.63
483 421475.63
484 421450.42
485 421450.42
486 421081.92
487 421081.92
488 421081.92
489 421081.92
490 421081.92
491 420985.92
492 420985.92
493 420985.92
494 420651.46
495 420651.46
496 420651.46
497 420598.03
498 420598.03
499 420598.03
500 420397.96
501 420197.18
502 420197.18
503 420173.83
504 420173.83
505 420173.83
506 420100.88
507 420100.88
508 419432.95
509 419419.13
510 419190.58
511 419185.54
512 419185.54
513 419185.54
514 418868.46
515 418868.46
516 418868.46
517 418868.46
518 418868.46
519 418868.46
520 418868.46
521 418868.46
522 418868.46
523 418868.46
524 418364.62
525 418058.85
526 418058.85
527 418058.85
528 418042.78
529 417581.09
530 417581.09
531 417581.09
532 417581.09
533 417581.09
534 417581.09
535 417170.82
536 417170.82
537 417170.82
538 416691.36
539 416561.44
540 416561.44
541 416323.28
542 415890.16
543 415890.16
544 415890.16
545 415691.26
546 415691.26
547 415641.42
548 415641.42
549 415641.42
550 415641.42
551 415641.42
552 415641.42
553 415482.23
554 415482.23
555 415482.23
556 415482.23
557 415366.47
558 415366.47
559 415047.72
560 415047.72
561 415011.33
562 414826.74
563 414826.74
564 414826.74
565 414689.81
566 414689.81
567 414458.85
568 414458.85
569 413984.53
570 413984.53
571 413984.53
572 413984.53
573 413984.53
574 413984.53
575 413723.73
576 413723.73
577 413723.73
578 412973.36
579 412973.36
580 412973.36
581 412839.22
582 412839.22
583 412698.81
584 412513.61
585 412513.61
586 412513.61
587 412021.18
588 412021.18
589 412021.18
590 412021.18
591 412021.18
592 411891.10
593 411891.10
594 411891.10
595 411589.12
596 411589.12
597 411549.34
598 411419.96
599 411419.96
600 411419.96
601 411117.25
602 410245.37
603 410245.37
604 410076.85
605 410035.22
606 409532.86
607 409408.89
608 409408.89
609 409260.74
610 409260.74
611 408978.99
612 408978.99
613 408978.99
614 408568.96
615 408568.96
616 408568.96
617 408438.53
618 408438.53
619 408438.53
620 408438.53
621 408183.31
622 408183.31
623 408183.31
624 408183.31
625 407964.69
626 407553.86
627 407553.86
628 407437.58
629 407437.58
630 407311.05
631 407311.05
632 407311.05
633 407311.05
634 407311.05
635 407311.05
636 406960.80
637 406430.09
638 406430.09
639 406188.84
640 406188.84
641 406188.84
642 406188.84
643 406188.84
644 406005.39
645 406005.39
646 405754.52
647 405754.52
648 405754.52
649 405724.39
650 405724.39
651 405714.05
652 405714.05
653 405714.05
654 405714.05
655 405714.05
656 405714.05
657 405634.00
658 405634.00
659 405634.00
660 405634.00
661 405634.00
662 405522.80
663 405522.80
664 405484.09
665 405438.85
666 405438.85
667 405438.85
668 405438.85
669 405267.62
670 405106.95
671 404746.84
672 404746.84
673 404746.84
674 404610.66
675 404610.66
676 404610.66
677 404362.44
678 404362.44
679 404307.14
680 404250.95
681 404250.95
682 404250.95
683 404050.48
684 404050.48
685 403895.31
686 403895.31
687 403895.31
688 403625.19
689 403625.19
690 403625.19
691 403590.65
692 403590.65
693 403590.65
694 403590.65
695 403192.00
696 402827.16
697 402827.16
698 402342.55
699 402342.55
700 402149.03
701 402149.03
702 401859.92
703 401558.37
704 401558.37
705 401540.82
706 401540.82
707 401540.82
708 401359.98
709 401231.70
710 401231.70
711 401231.70
712 401231.70
713 401231.70
714 400909.62
715 400909.62
716 400909.62
717 400743.52
718 400743.52
719 400743.52
720 400743.52
721 400662.76
722 400662.76
723 400662.76
724 400394.78
725 400394.78
726 400394.78
727 400394.78
728 400394.78
729 400318.00
730 400318.00
731 400122.90
732 400122.90
733 400120.99
734 400120.99
735 400120.99
736 399967.67
737 399967.67
738 399967.67
739 399917.33
740 399917.33
741 399917.33
742 399867.83
743 399867.83
744 399867.83
745 399867.83
746 399730.38
747 399552.39
748 399552.39
749 399470.49
750 399453.87
751 399390.59
752 399240.31
753 399240.31
754 399240.31
755 399240.31
756 399240.31
757 399240.31
758 399240.31
759 399240.31
760 398984.48
761 398984.48
762 398984.48
763 398984.48
764 398984.48
765 398984.48
766 398877.93
767 398877.93
768 398877.93
769 398424.38
770 397915.37
771 397591.04
772 397591.04
773 397591.04
774 397591.04
775 397591.04
776 397452.59
777 397452.59
778 397452.59
779 397452.59
780 397396.19
781 397396.19
782 397257.82
783 396996.33
784 396996.33
785 396996.33
786 396996.33
787 396996.33
788 396996.33
789 396996.33
790 396764.78
791 396439.85
792 396439.85
793 396332.20
794 396032.98
795 395893.41
796 395893.41
797 395893.41
798 395893.41
799 395677.53
800 395677.53
801 395677.53
802 395677.53
803 395246.19
804 395246.19
805 395246.19
806 395246.19
807 395246.19
808 394959.96
809 394867.12
810 394867.12
811 394250.86
812 394124.56
813 394124.56
814 394124.56
815 394124.56
816 394124.56
817 394124.56
818 394124.56
819 394089.93
820 394089.93
821 394089.93
822 393982.17
823 393982.17
824 393982.17
825 393828.38
826 393806.48
827 393806.48
828 393637.69
829 393476.43
830 393186.83
831 393186.83
832 393186.83
833 393186.83
834 393186.83
835 393186.83
836 393186.83
837 392781.26
838 392781.26
839 392781.26
840 392781.26
841 392781.26
842 392577.17
843 392052.59
844 392052.59
845 392052.59
846 392052.59
847 392052.59
848 392052.59
849 392052.59
850 392052.59
851 392052.59
852 392052.59
853 392052.59
854 391947.27
855 391410.13
856 391410.13
857 391344.05
858 391329.26
859 391251.48
860 391251.48
861 391251.48
862 390828.60
863 390828.60
864 390828.60
865 390828.60
866 390828.60
867 390814.65
868 390814.65
869 390814.65
870 390814.65
871 390814.65
872 390814.65
873 390814.65
874 390814.65
875 390814.65
876 390814.65
877 390814.65
878 390477.63
879 390477.63
880 390453.23
881 390453.23
882 390453.23
883 390453.23
884 390453.23
885 390453.23
886 390453.23
887 390215.80
888 390215.80
889 390215.80
890 390215.80
891 390215.80
892 390215.80
893 390215.80
894 390215.80
895 390215.80
896 390215.80
897 390215.80
898 390092.32
899 389850.25
900 389850.25
901 389850.25
902 389850.25
903 389850.25
904 389850.25
905 389418.08
906 389160.05
907 389160.05
908 389160.05
909 389160.05
910 389160.05
911 389160.05
912 389036.46
913 388782.40
914 388782.40
915 388781.33
916 388760.44
917 388760.44
918 388760.44
919 388760.44
920 388760.44
921 388674.19
922 388639.40
923 388540.98
924 388540.98
925 388540.98
926 388483.81
927 388332.65
928 388332.65
929 388332.65
930 388332.65
931 388332.65
932 387712.21
933 387712.21
934 387523.78
935 387397.55
936 387397.55
937 387397.55
938 387397.55
939 387397.55
940 387397.55
941 387397.55
942 387397.55
943 387397.55
944 387397.55
945 387397.55
946 387397.55
947 386520.27
948 386511.63
949 385985.41
950 385978.99
951 385978.99
952 385882.70
953 385882.70
954 385882.70
955 385698.37
956 385698.37
957 385698.37
958 385698.37
959 385698.37
960 385698.37
961 385090.37
962 385090.37
963 385090.37
964 385090.37
965 385090.37
966 385090.37
967 385090.37
968 385090.37
969 385052.34
970 385052.34
971 385052.34
972 384678.64
973 384678.64
974 384678.64
975 384259.96
976 384259.96
977 384259.96
978 384259.96
979 384259.96
980 384224.01
981 384224.01
982 383629.00
983 383629.00
984 383342.66
985 382782.68
986 382782.68
987 382653.57
988 382653.57
989 382465.81
990 382465.81
991 382465.81
992 382452.05
993 382452.05
994 382452.05
995 382452.05
996 382452.05
997 382452.05
998 382452.05
999 382452.05
1000 382452.05
1001 382452.05
1002 382364.25
1003 382364.25
1004 382268.11
1005 381813.88
1006 381545.58
1007 381212.76
1008 381212.76
1009 381212.76
1010 380883.23
1011 380862.53
1012 380862.53
1013 380550.40
1014 380550.40
1015 380550.40
1016 380550.40
1017 380459.78
1018 380459.78
1019 380141.56
1020 380113.20
1021 380113.20
1022 380113.20
1023 380113.20
1024 379970.61
1025 379813.85
1026 379813.85
1027 379813.85
1028 379813.85
1029 379813.85
1030 379813.85
1031 379813.85
1032 379093.07
1033 379093.07
1034 379093.07
1035 378727.68
1036 378727.68
1037 378727.68
1038 378202.03
1039 378148.47
1040 378148.47
1041 378148.47
1042 378148.47
1043 378148.47
1044 378147.62
1045 378014.70
1046 377817.92
1047 377817.92
1048 377484.36
1049 377441.37
1050 377180.48
1051 377012.54
1052 376787.96
1053 376787.96
1054 376787.96
1055 376389.87
1056 376373.41
1057 376354.33
1058 376354.33
1059 376354.33
1060 376354.33
1061 376354.33
1062 376249.35
1063 376082.99
1064 375845.06
1065 375589.01
1066 375263.91
1067 375263.91
1068 375263.91
1069 375263.91
1070 375263.91
1071 375263.91
1072 375002.28
1073 374727.61
1074 374727.61
1075 374727.61
1076 374659.74
1077 374472.95
1078 374349.40
1079 374335.12
1080 374335.12
1081 374270.71
1082 373782.75
1083 373782.75
1084 373782.75
1085 373735.19
1086 373735.19
1087 373589.55
1088 373589.55
1089 373427.57
1090 373427.57
1091 373427.57
1092 373150.38
1093 372677.43
1094 372677.43
1095 372677.43
1096 372353.62
1097 372236.78
1098 372236.78
1099 371711.04
1100 371711.04
1101 371711.04
1102 371711.04
1103 371711.04
1104 371711.04
1105 371679.74
1106 371679.74
1107 371679.74
1108 371679.74
1109 371679.74
1110 371679.74
1111 371679.74
1112 371679.74
1113 371679.74
1114 371300.27
1115 371300.27
1116 371062.91
1117 371062.91
1118 371060.48
1119 371060.48
1120 371060.48
1121 371060.48
1122 370945.07
1123 370828.48
1124 370828.48
1125 370828.48
1126 370821.17
1127 370658.02
1128 370658.02
1129 370658.02
1130 370658.02
1131 370658.02
1132 370658.02
1133 370658.02
1134 370356.80
1135 370226.61
1136 370226.61
1137 370226.61
1138 370226.61
1139 370226.61
1140 370226.61
1141 370226.61
1142 370226.61
1143 369878.34
1144 369878.34
1145 369878.34
1146 369364.59
1147 369305.18
1148 369116.26
1149 369116.26
1150 369019.09
1151 368841.02
1152 368328.28
1153 368328.28
1154 368328.28
1155 368328.28
1156 368328.28
1157 368328.28
1158 368328.28
1159 368328.28
1160 368328.28
1161 368328.28
1162 368328.09
1163 368318.39
1164 367946.75
1165 367946.75
1166 367946.75
1167 367946.75
1168 367946.75
1169 367946.75
1170 367946.75
1171 367946.75
1172 367946.75
1173 367293.60
1174 366962.20
1175 366962.20
1176 366962.20
1177 366769.26
1178 366747.24
1179 366747.24
1180 366747.24
1181 366747.24
1182 366391.97
1183 366343.87
1184 365997.49
1185 365997.49
1186 365862.43
1187 365862.43
1188 365862.43
1189 365862.43
1190 365862.43
1191 365862.43
1192 365862.43
1193 365862.43
1194 365862.43
1195 365862.43
1196 365862.43
1197 365862.43
1198 365679.11
1199 365679.11
1200 365193.35
1201 365193.35
1202 365193.35
1203 365193.35
1204 365117.89
1205 364609.98
1206 364609.98
1207 364609.98
1208 364609.98
1209 364319.41
1210 364319.41
1211 364319.41
1212 364319.41
1213 364319.41
1214 364313.01
1215 364313.01
1216 364313.01
1217 364190.33
1218 363981.34
1219 363981.34
1220 363981.34
1221 363785.21
1222 363379.03
1223 363191.46
1224 363106.30
1225 363106.30
1226 362509.51
1227 362509.51
1228 362509.51
1229 362496.85
1230 362496.85
1231 362496.85
1232 362041.80
1233 362041.80
1234 362029.38
1235 362029.38
1236 362029.38
1237 361925.51
1238 361925.51
1239 361344.65
1240 361344.65
1241 361344.65
1242 361344.65
1243 360959.52
1244 360943.19
1245 360943.19
1246 360943.19
1247 360943.19
1248 360858.80
1249 360853.59
1250 360853.59
1251 360495.29
1252 360449.53
1253 360449.53
1254 360449.53
1255 360449.53
1256 360095.91
1257 360095.91
1258 360095.91
1259 360095.91
1260 360095.91
1261 360095.91
1262 359720.55
1263 359720.55
1264 359720.55
1265 359720.55
1266 359720.55
1267 359712.35
1268 359712.35
1269 359712.35
1270 359665.13
1271 359665.13
1272 359665.13
1273 359665.13
1274 359665.13
1275 359665.13
1276 359665.13
1277 359665.13
1278 359665.13
1279 359665.13
1280 359665.13
1281 359665.13
1282 359665.13
1283 359334.50
1284 359334.50
1285 359334.50
1286 358598.90
1287 358598.90
1288 358598.90
1289 358554.32
1290 358554.32
1291 358554.32
1292 358554.32
1293 358554.32
1294 358554.32
1295 358554.32
1296 358462.58
1297 358462.58
1298 358045.03
1299 358045.03
1300 357994.73
1301 357636.49
1302 357636.49
1303 357636.49
1304 357636.49
1305 357351.08
1306 357351.08
1307 357302.64
1308 357302.64
1309 357302.64
1310 357302.64
1311 357117.83
1312 356725.96
1313 356725.96
1314 356176.48
1315 355992.94
1316 355992.94
1317 355889.66
1318 355889.66
1319 355889.66
1320 355889.66
1321 355889.66
1322 355889.66
1323 355889.66
1324 355744.43
1325 355744.43
1326 355744.43
1327 355744.43
1328 355359.60
1329 355233.77
1330 355146.41
1331 354680.91
1332 354680.91
1333 354680.91
1334 354656.60
1335 353721.22
1336 353710.14
1337 353710.14
1338 353710.14
1339 353710.14
1340 353710.14
1341 353311.77
1342 353311.77
1343 353311.77
1344 353311.77
1345 352846.90
1346 352846.90
1347 352846.90
1348 352369.10
1349 352369.10
1350 352068.50
1351 351799.87
1352 351799.87
1353 351621.31
1354 351349.30
1355 351349.30
1356 351349.30
1357 351349.30
1358 351305.40
1359 351293.69
1360 351247.38
1361 351247.38
1362 351247.38
1363 351247.38
1364 351247.38
1365 351247.38
1366 351111.98
1367 351111.98
1368 351111.98
1369 351111.98
1370 351111.98
1371 351006.29
1372 351006.29
1373 351006.29
1374 351006.29
1375 351006.29
1376 351006.29
1377 351006.29
1378 351006.29
1379 351006.29
1380 351006.29
1381 351006.29
1382 351006.29
1383 351006.29
1384 351006.29
1385 351006.29
1386 351006.29
1387 351006.29
1388 350903.56
1389 350903.56
1390 350903.56
1391 350903.56
1392 350903.56
1393 350903.56
1394 350537.67
1395 350537.67
1396 350537.67
1397 350537.67
1398 350537.67
1399 350537.67
1400 350537.67
1401 350481.64
1402 350481.64
1403 350481.64
1404 350481.64
1405 350390.96
1406 350390.96
1407 350232.31
1408 350232.31
1409 350232.31
1410 350232.31
1411 350232.31
1412 350232.31
1413 350222.90
1414 350079.42
1415 350079.42
1416 350079.42
1417 350079.42
1418 350079.42
1419 350079.42
1420 350079.42
1421 350079.42
1422 350079.42
1423 350079.42
1424 350079.42
1425 350079.42
1426 350079.42
1427 350079.42
1428 350079.42
1429 350079.42
1430 350079.42
1431 350079.42
1432 349791.40
1433 349791.40
1434 349791.40
1435 349791.40
1436 349470.19
1437 348655.57
1438 348655.57
1439 348655.57
1440 348655.57
1441 348655.57
1442 348187.15
1443 348187.15
1444 348159.40
1445 348106.73
1446 347833.04
1447 347833.04
1448 347833.04
1449 347345.59
1450 347345.59
1451 347345.59
1452 346899.51
1453 346899.51
1454 346899.51
1455 346899.51
1456 346896.97
1457 346896.97
1458 346896.97
1459 346535.56
1460 346535.56
1461 346535.56
1462 346483.89
1463 346483.89
1464 346066.86
1465 345663.48
1466 345663.48
1467 345663.48
1468 345663.48
1469 345663.48
1470 345558.50
1471 345558.50
1472 345558.50
1473 345558.50
1474 345475.65
1475 345379.45
1476 345379.45
1477 345379.45
1478 344971.81
1479 344953.47
1480 344602.76
1481 344417.55
1482 344269.80
1483 344269.80
1484 344269.80
1485 344138.86
1486 344138.86
1487 344138.86
1488 343934.97
1489 343890.15
1490 343890.15
1491 343706.09
1492 343706.09
1493 343706.09
1494 343706.09
1495 343573.27
1496 343536.51
1497 343407.03
1498 343407.03
1499 343407.03
1500 343296.66
1501 343296.66
1502 343174.27
1503 343174.27
1504 343174.27
1505 343174.27
1506 343174.27
1507 343174.27
1508 343126.39
1509 343126.39
1510 343098.33
1511 342863.99
1512 342863.99
1513 342863.99
1514 342863.99
1515 342765.82
1516 342765.82
1517 342765.82
1518 342646.78
1519 342233.61
1520 342233.61
1521 342073.10
1522 342073.10
1523 341774.20
1524 341774.20
1525 341774.20
1526 341774.20
1527 341774.20
1528 341774.20
1529 341774.20
1530 341724.37
1531 341724.37
1532 341724.37
1533 341723.05
1534 341238.02
1535 341238.02
1536 341134.49
1537 340791.39
1538 340621.10
1539 340621.10
1540 340621.10
1541 340594.95
1542 340594.95
1543 340296.21
1544 340274.67
1545 340274.67
1546 340274.67
1547 340126.66
1548 340126.66
1549 340126.66
1550 340126.66
1551 340126.66
1552 340126.66
1553 340126.66
1554 340126.66
1555 340126.66
1556 339947.28
1557 339933.44
1558 339933.44
1559 339932.39
1560 339932.39
1561 339932.39
1562 339932.39
1563 339932.39
1564 339932.39
1565 339745.02
1566 339745.02
1567 339413.58
1568 339413.58
1569 339413.58
1570 339413.58
1571 339413.58
1572 339413.58
1573 339413.58
1574 339413.58
1575 339413.58
1576 339413.58
1577 339413.58
1578 339413.58
1579 339413.58
1580 339353.17
1581 338898.44
1582 338898.44
1583 338898.44
1584 338898.44
1585 338898.44
1586 338702.09
1587 338691.03
1588 338178.68
1589 337891.98
1590 337891.98
1591 337891.98
1592 337816.20
1593 337650.81
1594 337650.81
1595 337650.81
1596 337650.81
1597 337650.81
1598 337650.81
1599 337650.81
1600 337650.81
1601 337650.81
1602 337650.81
1603 337650.81
1604 337546.81
1605 337546.81
1606 337373.75
1607 337373.75
1608 337003.56
1609 337003.56
1610 336965.51
1611 336965.51
1612 336965.51
1613 336807.54
1614 336807.54
1615 336807.54
1616 336794.35
1617 336710.76
1618 336172.27
1619 336172.27
1620 336172.27
1621 336172.27
1622 336031.83
1623 336031.83
1624 336031.83
1625 336031.83
1626 335665.32
1627 335578.59
1628 335578.59
1629 335578.59
1630 335578.59
1631 335578.59
1632 335578.59
1633 335393.05
1634 335393.05
1635 335028.11
1636 334812.67
1637 334812.67
1638 334812.67
1639 334812.67
1640 334674.94
1641 334457.72
1642 334048.74
1643 334048.74
1644 334048.74
1645 334048.74
1646 334048.74
1647 334048.74
1648 334048.74
1649 333939.24
1650 333573.88
1651 333573.88
1652 333573.88
1653 333573.88
1654 333573.88
1655 333573.88
1656 333573.88
1657 333555.51
1658 333409.80
1659 333409.80
1660 333409.80
1661 333123.34
1662 333097.17
1663 333097.17
1664 332966.01
1665 332567.34
1666 332348.22
1667 332348.22
1668 332148.70
1669 332148.70
1670 331919.86
1671 331773.55
1672 331593.43
1673 331593.43
1674 331593.43
1675 331593.43
1676 331593.43
1677 331593.43
1678 331326.03
1679 331326.03
1680 331326.03
1681 331233.27
1682 331233.27
1683 331233.27
1684 331233.27
1685 331233.27
1686 330400.60
1687 330400.60
1688 330360.03
1689 330360.03
1690 330180.80
1691 330180.80
1692 329825.11
1693 329825.11
1694 329825.11
1695 329825.11
1696 329825.11
1697 329825.11
1698 329809.87
1699 329809.87
1700 329789.53
1701 329789.53
1702 329789.53
1703 329605.20
1704 328993.78
1705 328993.78
1706 328993.78
1707 328993.78
1708 328993.78
1709 328993.78
1710 328993.78
1711 328635.65
1712 328533.27
1713 328533.27
1714 328487.18
1715 328487.18
1716 328487.18
1717 328434.47
1718 328407.17
1719 328407.17
1720 328316.66
1721 328316.66
1722 328316.66
1723 328009.15
1724 328009.15
1725 328009.15
1726 327759.11
1727 327759.11
1728 327723.47
1729 327723.47
1730 327723.47
1731 327610.93
1732 327333.47
1733 327333.47
1734 327305.12
1735 327305.12
1736 327293.84
1737 327293.84
1738 327293.84
1739 327293.84
1740 327293.84
1741 326591.11
1742 326400.14
1743 326400.14
1744 326400.14
1745 326400.14
1746 326400.14
1747 326400.14
1748 326400.14
1749 326400.14
1750 326400.14
1751 326400.14
1752 326400.14
1753 326315.60
1754 326315.60
1755 326315.60
1756 326245.60
1757 326245.60
1758 326245.60
1759 325710.19
1760 325710.19
1761 325353.74
1762 325204.42
1763 325204.42
1764 324925.82
1765 324925.82
1766 324682.75
1767 324682.75
1768 324682.75
1769 324682.75
1770 324682.75
1771 324682.75
1772 324682.75
1773 324682.75
1774 324682.75
1775 324682.75
1776 324682.75
1777 324682.75
1778 324682.75
1779 324412.47
1780 324412.47
1781 324412.47
1782 324412.47
1783 324412.47
1784 324205.65
1785 324205.65
1786 324205.65
1787 324205.65
1788 324155.02
1789 324155.02
1790 324155.02
1791 324155.02
1792 324155.02
1793 323760.39
1794 323760.39
1795 323677.66
1796 323595.84
1797 323595.84
1798 323595.84
1799 323595.84
1800 323464.63
1801 323464.63
1802 323464.63
1803 323464.63
1804 323464.63
1805 323464.63
1806 323345.97
1807 323051.00
1808 322354.05
1809 322354.05
1810 322354.05
1811 322068.86
1812 322003.85
1813 321686.98
1814 321686.98
1815 321686.98
1816 321499.28
1817 321499.28
1818 321499.28
1819 321499.28
1820 321499.28
1821 321499.28
1822 321499.28
1823 321321.78
1824 321321.78
1825 321321.78
1826 321321.78
1827 321074.58
1828 321074.58
1829 321074.58
1830 321074.58
1831 321074.58
1832 321074.58
1833 320889.97
1834 320889.97
1835 320889.97
1836 320889.97
1837 320262.51
1838 320059.36
1839 320059.36
1840 320057.04
1841 320057.04
1842 320040.08
1843 320040.08
1844 319975.08
1845 319975.08
1846 319975.08
1847 319975.08
1848 319975.08
1849 319975.08
1850 319732.45
1851 319732.45
1852 319732.45
1853 319732.45
1854 319732.45
1855 319732.45
1856 319732.45
1857 319703.56
1858 319703.56
1859 319655.26
1860 319655.26
1861 319655.26
1862 319655.26
1863 319655.26
1864 319655.26
1865 319497.17
1866 319497.17
1867 319497.17
1868 319497.17
1869 319497.17
1870 319497.17
1871 319497.17
1872 319497.17
1873 319497.17
1874 319497.17
1875 319285.03
1876 318810.65
1877 318810.65
1878 318810.65
1879 318406.08
1880 318406.08
1881 318333.62
1882 318333.62
1883 317924.71
1884 317924.71
1885 317732.65
1886 317732.65
1887 317732.65
1888 317732.65
1889 317525.86
1890 317525.86
1891 317525.86
1892 317040.94
1893 316587.32
1894 316587.32
1895 316587.32
1896 316587.32
1897 316587.32
1898 316587.32
1899 316587.32
1900 316587.32
1901 316587.32
1902 316274.42
1903 315942.75
1904 315942.75
1905 315942.75
1906 315942.75
1907 315942.75
1908 315942.75
1909 315942.75
1910 315942.75
1911 315942.75
1912 315767.44
1913 315767.44
1914 315658.01
1915 315658.01
1916 315658.01
1917 315597.95
1918 315597.95
1919 315597.95
1920 315597.95
1921 315597.95
1922 315418.64
1923 315418.64
1924 315418.64
1925 315418.64
1926 315418.64
1927 315418.64
1928 315418.64
1929 315418.64
1930 315418.64
1931 315043.79
1932 315009.59
1933 315009.59
1934 314944.94
1935 314944.94
1936 314944.94
1937 314944.94
1938 314944.94
1939 314944.94
1940 314944.94
1941 314944.94
1942 314944.94
1943 314944.94
1944 314425.68
1945 314425.68
1946 314425.68
1947 314425.68
1948 314173.51
1949 314173.51
1950 314173.51
1951 314173.51
1952 314173.51
1953 314044.00
1954 313986.64
1955 313986.64
1956 313986.64
1957 313816.49
1958 313335.46
1959 313335.46
1960 313275.07
1961 313275.07
1962 313275.07
1963 313275.07
1964 313275.07
1965 313022.24
1966 312984.43
1967 312984.43
1968 312984.43
1969 312416.76
1970 312416.76
1971 312416.76
1972 312416.76
1973 312416.76
1974 312416.76
1975 312416.76
1976 312416.76
1977 312416.76
1978 312398.68
1979 312398.68
1980 312398.68
1981 312398.68
1982 312100.58
1983 312100.58
1984 312100.58
1985 311402.47
1986 310499.71
1987 310499.71
1988 310499.71
1989 310499.71
1990 310401.55
1991 310401.55
1992 310401.55
1993 310401.55
1994 310401.55
1995 310271.40
1996 310271.40
1997 310271.40
1998 310271.40
1999 310271.40
2000 310218.10
2001 310218.10
2002 310218.10
2003 309866.40
2004 309756.18
2005 309756.18
2006 309756.18
2007 309756.18
2008 309756.18
2009 309544.93
2010 309544.93
2011 309544.93
2012 309544.93
2013 309285.11
2014 309285.11
2015 309244.87
2016 309244.87
2017 309244.87
2018 309244.87
2019 309244.87
2020 309244.87
2021 309244.87
2022 309207.91
2023 309207.91
2024 309174.90
2025 309174.90
2026 309174.90
2027 309174.90
2028 309174.90
2029 309174.90
2030 309016.62
2031 309016.62
2032 309016.62
2033 309016.62
2034 309016.62
2035 309016.62
2036 309016.62
2037 309016.62
2038 308858.62
2039 308820.10
2040 308820.10
2041 308820.10
2042 308820.10
2043 308820.10
2044 308820.10
2045 308820.10
2046 308817.39
2047 308817.39
2048 308817.39
2049 308817.39
2050 308659.21
2051 308659.21
2052 308441.78
2053 308441.78
2054 308441.78
2055 308165.28
2056 308165.28
2057 308165.28
2058 308165.28
2059 307996.60
2060 307996.60
2061 307996.60
2062 307852.71
2063 307593.88
2064 307358.42
2065 307347.31
2066 307347.31
2067 307347.31
2068 307268.30
2069 307268.30
2070 307268.30
2071 307268.30
2072 307268.30
2073 307268.30
2074 307268.30
2075 307268.30
2076 307122.21
2077 307122.21
2078 307122.21
2079 307122.21
2080 307122.21
2081 307028.91
2082 306936.78
2083 306733.78
2084 306733.78
2085 306733.78
2086 306733.78
2087 306733.78
2088 306733.78
2089 306596.20
2090 306596.20
2091 306544.30
2092 306544.30
2093 306544.30
2094 306544.30
2095 306544.30
2096 306544.30
2097 306544.30
2098 305545.59
2099 305545.59
2100 305463.33
2101 305263.82
2102 305263.82
2103 305078.11
2104 305038.15
2105 305038.15
2106 305038.15
2107 304896.28
2108 304896.28
2109 304896.28
2110 304896.28
2111 304896.28
2112 304896.28
2113 304896.28
2114 304896.28
2115 304531.66
2116 304531.66
2117 304298.44
2118 304298.44
2119 304298.44
2120 304298.44
2121 304298.44
2122 304298.44
2123 304242.80
2124 304242.80
2125 304242.80
2126 304242.80
2127 303557.07
2128 303557.07
2129 303557.07
2130 303557.07
2131 303557.07
2132 303557.07
2133 303557.07
2134 303557.07
2135 303557.07
2136 303557.07
2137 303557.07
2138 303557.07
2139 303557.07
2140 303442.10
2141 303442.10
2142 303442.10
2143 303442.10
2144 303442.10
2145 303442.10
2146 303442.10
2147 303442.10
2148 303442.10
2149 303442.10
2150 303442.10
2151 303442.10
2152 303442.10
2153 303442.10
2154 303442.10
2155 302807.69
2156 302807.69
2157 302807.69
2158 302807.69
2159 302807.69
2160 302807.69
2161 302807.69
2162 302807.69
2163 302807.69
2164 302807.69
2165 302807.69
2166 302807.69
2167 302807.69
2168 302807.69
2169 302807.69
2170 302807.69
2171 302807.69
2172 302807.69
2173 302807.69
2174 302807.69
2175 302696.91
2176 302696.91
2177 302696.91
2178 302696.91
2179 302696.91
2180 302696.91
2181 302696.91
2182 302696.91
2183 302696.91
2184 302696.91
2185 302696.91
2186 302696.91
2187 302696.91
2188 302696.91
2189 302559.86
2190 302559.86
2191 302559.86
2192 302536.88
2193 302536.88
2194 302536.88
2195 302536.88
2196 302536.88
2197 302536.88
2198 302536.88
2199 302536.88
2200 302375.76
2201 302307.25
2202 302129.30
2203 302026.38
2204 301586.36
2205 301586.36
2206 301586.36
2207 301586.36
2208 301586.36
2209 301586.36
2210 301586.36
2211 301586.36
2212 301586.36
2213 301295.25
2214 301295.25
2215 301295.25
2216 301295.25
2217 301295.25
2218 301295.25
2219 301295.25
2220 301127.95
2221 301127.95
2222 301127.95
2223 300902.23
2224 300789.09
2225 300789.09
2226 300789.09
2227 300789.09
2228 300463.83
2229 300463.83
2230 300463.83
2231 300463.83
2232 300463.83
2233 300463.83
2234 300463.83
2235 299853.58
2236 299853.58
2237 299650.00
2238 299650.00
2239 299650.00
2240 299650.00
2241 299546.01
2242 299546.01
2243 299546.01
2244 299370.68
2245 299370.68
2246 299370.68
2247 299370.68
2248 299370.68
2249 299370.68
2250 299201.01
2251 298961.28
2252 298961.28
2253 298961.28
2254 298692.28
2255 298692.28
2256 298692.28
2257 298692.28
2258 298288.98
2259 298288.98
2260 298252.61
2261 298252.61
2262 298252.61
2263 298252.61
2264 298022.89
2265 298022.89
2266 298022.89
2267 298022.89
2268 298022.89
2269 298022.89
2270 298022.89
2271 298022.89
2272 298022.89
2273 297986.44
2274 297986.44
2275 297981.31
2276 297981.31
2277 297928.75
2278 297928.75
2279 297928.75
2280 297720.62
2281 297720.62
2282 297720.62
2283 297720.62
2284 297720.62
2285 297720.62
2286 297720.62
2287 297720.62
2288 297531.94
2289 297518.18
2290 297518.18
2291 297427.38
2292 297427.38
2293 297427.38
2294 297427.38
2295 297427.38
2296 297427.38
2297 297427.38
2298 297211.75
2299 296902.45
2300 296902.45
2301 296902.45
2302 296902.45
2303 296839.28
2304 296625.16
2305 296625.16
2306 296625.16
2307 296625.16
2308 296578.23
2309 296578.23
2310 296578.23
2311 296578.23
2312 296578.23
2313 296578.23
2314 296451.25
2315 296451.25
2316 296451.25
2317 296451.25
2318 296381.88
2319 296076.44
2320 296076.44
2321 296076.44
2322 296076.44
2323 296076.44
2324 295555.86
2325 295555.86
2326 295555.86
2327 295433.72
2328 295433.72
2329 295433.72
2330 295433.72
2331 295433.72
2332 295433.72
2333 295433.72
2334 295433.72
2335 295433.72
2336 295433.72
2337 295433.72
2338 295433.72
2339 295262.90
2340 295262.90
2341 295262.90
2342 295047.32
2343 294779.91
2344 294779.91
2345 294779.91
2346 294779.91
2347 294748.93
2348 294748.93
2349 294748.93
2350 294582.76
2351 294582.76
2352 294582.76
2353 294582.76
2354 294582.76
2355 294582.76
2356 294582.76
2357 294529.43
2358 294529.43
2359 294492.10
2360 294492.10
2361 294492.10
2362 294492.10
2363 294492.10
2364 294492.10
2365 294492.10
2366 294492.10
2367 294263.12
2368 294263.12
2369 294263.12
2370 294263.12
2371 294263.12
2372 294263.12
2373 294177.81
2374 294177.81
2375 294177.81
2376 294177.81
2377 294139.91
2378 294139.91
2379 293911.65
2380 293911.65
2381 293911.65
2382 293768.97
2383 293768.97
2384 293768.97
2385 293768.97
2386 293546.40
2387 293546.40
2388 293546.40
2389 293546.40
2390 293546.40
2391 293546.40
2392 293546.40
2393 293429.94
2394 293429.94
2395 293429.94
2396 293429.94
2397 293235.43
2398 293235.43
2399 293235.43
2400 293235.43
2401 293235.43
2402 293235.43
2403 293235.43
2404 293235.43
2405 293235.43
2406 293043.93
2407 293043.93
2408 293043.93
2409 293043.93
2410 293043.93
2411 292694.22
2412 292694.22
2413 292694.22
2414 292694.22
2415 292694.22
2416 292694.22
2417 292694.22
2418 292694.22
2419 292694.22
2420 292481.55
2421 292481.55
2422 292106.54
2423 292106.54
2424 292106.54
2425 292030.49
2426 292030.49
2427 292030.49
2428 292030.49
2429 291997.69
2430 291997.69
2431 291997.69
2432 291997.69
2433 291997.69
2434 291997.69
2435 291997.69
2436 291663.01
2437 291584.21
2438 291584.21
2439 291584.21
2440 291584.21
2441 291584.21
2442 291584.21
2443 291297.72
2444 291297.72
2445 291297.72
2446 291297.72
2447 291105.76
2448 290690.47
2449 290662.74
2450 290662.74
2451 290391.34
2452 290391.34
2453 290391.34
2454 290391.34
2455 290391.34
2456 290197.98
2457 290197.98
2458 289971.73
2459 289971.73
2460 289839.43
2461 289839.43
2462 289839.43
2463 289707.53
2464 289707.53
2465 289707.53
2466 289707.53
2467 289707.53
2468 289707.53
2469 289707.53
2470 289707.53
2471 289707.53
2472 289707.53
2473 289707.53
2474 289707.53
2475 289707.53
2476 289707.53
2477 289707.53
2478 289707.53
2479 289707.53
2480 289707.53
2481 289707.53
2482 289707.53
2483 289707.53
2484 289707.53
2485 289707.53
2486 289707.53
2487 289707.53
2488 289707.53
2489 289707.53
2490 289707.53
2491 289707.53
2492 289707.53
2493 289666.31
2494 289623.88
2495 289623.88
2496 289623.88
2497 289623.88
2498 289623.88
2499 289623.88
2500 289488.54
2501 289168.57
2502 289168.57
2503 288908.54
2504 288908.54
2505 288823.27
2506 288823.27
2507 288823.27
2508 288823.27
2509 288823.27
2510 288823.27
2511 288823.27
2512 288823.27
2513 288823.27
2514 288823.27
2515 288823.27
2516 288823.27
2517 288823.27
2518 288823.27
2519 288823.27
2520 288823.27
2521 288740.78
2522 288740.78
2523 288740.78
2524 288740.78
2525 288740.78
2526 288740.78
2527 288740.78
2528 288740.78
2529 288740.78
2530 288483.49
2531 288483.49
2532 288483.49
2533 288270.22
2534 288270.22
2535 288270.22
2536 288270.22
2537 288270.22
2538 288270.22
2539 288270.22
2540 288188.80
2541 288188.80
2542 288142.52
2543 288142.52
2544 288142.52
2545 288142.52
2546 288142.52
2547 288142.52
2548 288142.52
2549 288142.52
2550 288142.52
2551 288142.52
2552 288142.52
2553 288107.64
2554 287681.77
2555 287681.77
2556 287681.77
2557 287681.77
2558 287531.78
2559 287531.78
2560 287531.78
2561 287531.78
2562 287410.19
2563 287410.19
2564 287410.19
2565 287410.19
2566 287410.19
2567 287410.19
2568 287410.19
2569 287410.19
2570 287410.19
2571 287410.19
2572 287410.19
2573 287410.19
2574 287399.19
2575 287399.19
2576 287399.19
2577 287399.19
2578 286984.45
2579 286984.45
2580 286821.56
2581 286774.93
2582 286642.80
2583 286642.80
2584 286642.80
2585 286642.80
2586 286642.80
2587 286642.80
2588 286642.80
2589 286642.80
2590 286642.80
2591 286642.80
2592 286564.65
2593 286564.65
2594 286564.65
2595 286564.65
2596 286564.65
2597 286564.65
2598 286564.65
2599 286564.65
2600 286564.65
2601 286564.65
2602 286564.65
2603 286564.65
2604 286564.65
2605 286478.56
2606 286478.56
2607 286478.56
2608 286478.56
2609 286406.79
2610 286406.79
2611 286220.15
2612 286220.15
2613 286220.15
2614 286218.65
2615 286218.65
2616 286218.65
2617 286193.38
2618 286193.38
2619 286193.38
2620 286042.86
2621 286042.86
2622 286042.86
2623 286042.86
2624 285420.97
2625 285420.97
2626 285420.97
2627 285321.76
2628 285066.72
2629 285066.72
2630 285066.72
2631 285066.72
2632 285010.17
2633 285010.17
2634 285010.17
2635 285010.17
2636 284485.15
2637 284303.34
2638 284303.34
2639 284303.34
2640 284303.34
2641 284303.34
2642 284303.34
2643 284303.34
2644 284303.34
2645 284303.34
2646 284010.22
2647 284010.22
2648 284010.22
2649 284010.22
2650 284010.22
2651 283767.77
2652 283767.77
2653 283418.18
2654 283406.24
2655 283055.45
2656 283055.45
2657 283055.45
2658 283055.45
2659 283055.45
2660 283055.45
2661 282862.79
2662 282544.00
2663 282544.00
2664 282234.15
2665 282234.15
2666 282234.15
2667 282234.15
2668 282234.15
2669 282234.15
2670 282234.15
2671 282234.15
2672 282234.15
2673 282122.50
2674 282122.50
2675 282122.50
2676 281997.27
2677 281997.27
2678 281997.27
2679 281997.27
2680 281997.27
2681 281997.27
2682 281997.27
2683 281871.20
2684 281871.20
2685 281871.20
2686 281615.73
2687 281615.73
2688 281615.73
2689 281615.73
2690 281571.29
2691 281571.29
2692 281447.37
2693 281418.72
2694 281418.72
2695 281408.83
2696 281408.83
2697 281408.83
2698 281408.83
2699 281408.83
2700 281408.83
2701 281408.83
2702 281408.83
2703 280938.55
2704 280938.55
2705 280938.55
2706 280917.28
2707 280917.28
2708 280917.28
2709 280913.67
2710 280913.67
2711 280744.10
2712 280744.10
2713 280611.47
2714 280611.47
2715 280611.47
2716 280611.47
2717 280404.51
2718 280404.51
2719 280404.51
2720 280404.51
2721 280065.74
2722 280065.74
2723 280065.74
2724 280065.74
2725 280065.74
2726 280018.21
2727 280018.21
2728 280018.21
2729 280005.06
2730 280005.06
2731 280005.06
2732 280005.06
2733 279917.05
2734 279917.05
2735 279791.13
2736 279791.13
2737 279715.87
2738 279372.58
2739 279372.58
2740 279372.58
2741 279372.58
2742 279372.58
2743 279372.58
2744 279372.58
2745 279372.58
2746 279372.58
2747 279372.58
2748 279372.58
2749 279372.58
2750 279199.21
2751 279199.21
2752 279199.21
2753 279162.20
2754 279162.20
2755 278807.51
2756 278807.51
2757 278807.51
2758 278807.51
2759 278807.51
2760 278807.51
2761 278807.51
2762 278579.03
2763 278579.03
2764 278579.03
2765 278579.03
2766 278579.03
2767 278579.03
2768 278579.03
2769 278579.03
2770 278579.03
2771 278579.03
2772 278579.03
2773 278579.03
2774 278579.03
2775 278579.03
2776 278579.03
2777 278579.03
2778 278427.66
2779 278326.59
2780 278326.59
2781 278326.59
2782 278326.59
2783 278326.59
2784 278326.59
2785 278299.13
2786 278299.13
2787 278299.13
2788 278041.78
2789 277719.46
2790 277719.46
2791 277719.46
2792 277719.46
2793 277719.46
2794 277273.65
2795 277273.65
2796 277273.65
2797 277273.65
2798 277155.71
2799 277155.71
2800 277155.71
2801 277155.71
2802 277155.71
2803 277155.71
2804 277155.71
2805 277155.71
2806 277155.71
2807 277155.71
2808 277155.71
2809 276816.19
2810 276816.19
2811 276816.19
2812 276816.19
2813 276816.19
2814 276791.41
2815 276776.11
2816 276776.11
2817 276770.68
2818 276414.40
2819 276389.30
2820 276384.80
2821 276382.89
2822 276382.89
2823 276315.27
2824 276315.27
2825 276315.27
2826 276315.27
2827 276077.50
2828 276077.50
2829 276077.50
2830 276077.50
2831 276077.50
2832 276061.36
2833 276061.36
2834 276061.36
2835 276061.36
2836 276048.89
2837 276048.89
2838 276048.89
2839 276048.89
2840 275829.69
2841 275829.69
2842 275829.69
2843 275829.69
2844 275829.69
2845 275829.69
2846 275829.69
2847 275829.69
2848 275829.69
2849 275755.24
2850 275755.24
2851 275755.24
2852 275755.24
2853 275755.24
2854 275625.39
2855 275625.39
2856 275625.39
2857 275458.68
2858 275458.68
2859 275458.68
2860 275458.68
2861 275212.39
2862 275212.39
2863 275212.39
2864 275212.39
2865 275205.29
2866 275205.29
2867 275205.29
2868 275205.29
2869 275205.29
2870 275205.29
2871 275167.98
2872 275167.98
2873 275033.75
2874 275033.75
2875 275033.75
2876 275033.75
2877 275033.75
2878 275033.75
2879 275033.75
2880 275033.75
2881 275033.75
2882 275033.75
2883 274969.37
2884 274876.99
2885 274876.99
2886 274876.99
2887 274647.56
2888 274608.67
2889 274608.67
2890 274608.67
2891 274608.67
2892 274608.67
2893 274608.67
2894 274608.67
2895 274608.67
2896 274608.67
2897 274157.10
2898 273914.19
2899 273878.39
2900 273878.39
2901 273878.39
2902 273878.39
2903 273878.39
2904 273878.39
2905 273878.39
2906 273649.54
2907 273649.54
2908 273649.54
2909 273571.84
2910 273571.84
2911 273571.84
2912 273571.84
2913 273571.84
2914 273571.84
2915 273571.84
2916 273282.94
2917 272983.95
2918 272983.95
2919 272983.95
2920 272983.95
2921 272983.95
2922 272983.95
2923 272983.95
2924 272983.95
2925 272983.95
2926 272983.95
2927 272983.95
2928 272693.85
2929 272693.85
2930 272693.85
2931 272592.27
2932 272592.27
2933 272592.27
2934 272592.27
2935 272592.27
2936 272592.27
2937 272592.27
2938 272592.27
2939 272592.27
2940 272592.27
2941 272592.27
2942 272592.27
2943 272592.27
2944 272592.27
2945 272592.27
2946 272592.27
2947 272592.27
2948 272592.27
2949 272434.59
2950 272434.59
2951 272434.59
2952 272434.59
2953 272204.70
2954 271876.47
2955 271876.47
2956 271788.71
2957 271788.71
2958 271788.71
2959 271788.71
2960 271788.71
2961 271788.71
2962 271684.28
2963 271684.28
2964 271684.28
2965 271684.28
2966 271684.28
2967 271684.28
2968 271684.28
2969 271684.28
2970 271684.28
2971 271684.28
2972 271684.28
2973 271684.28
2974 271684.28
2975 271684.28
2976 271684.28
2977 271684.28
2978 271536.88
2979 271536.88
2980 271536.88
2981 271536.88
2982 271536.88
2983 271536.88
2984 270830.14
2985 270830.14
2986 270830.14
2987 270830.14
2988 270830.14
2989 270830.14
2990 270830.14
2991 270830.14
2992 270830.14
2993 270830.14
2994 270830.14
2995 270830.14
2996 270830.14
2997 270830.14
2998 270830.14
2999 270830.14
3000 270830.14
3001 270830.14
3002 270830.14
3003 270830.14
3004 270830.14
3005 270830.14
3006 270830.14
3007 270830.14
3008 270830.14
3009 270830.14
3010 270830.14
3011 270090.45
3012 269815.79
3013 269815.79
3014 269568.50
3015 269568.50
3016 269568.50
3017 269496.76
3018 269479.27
3019 269479.27
3020 269479.27
3021 269479.27
3022 268746.49
3023 268746.49
3024 268746.49
3025 268746.49
3026 268746.49
3027 268746.49
3028 268746.49
3029 268746.49
3030 268746.49
3031 268746.49
3032 268746.49
3033 268746.49
3034 268746.49
3035 268746.49
3036 268746.49
3037 268745.65
3038 268745.65
3039 268622.93
3040 268622.93
3041 268622.93
3042 268622.93
3043 268571.65
3044 268571.65
3045 268571.65
3046 268571.65
3047 268571.65
3048 268571.65
3049 268571.65
3050 268395.89
3051 268395.89
3052 268395.89
3053 268066.08
3054 268066.08
3055 268066.08
3056 268009.89
3057 268009.89
3058 268006.48
3059 268006.48
3060 267705.96
3061 267705.96
3062 267705.96
3063 267705.96
3064 267069.63
3065 266791.25
3066 266791.25
3067 266791.25
3068 266791.25
3069 266791.25
3070 266791.25
3071 266791.25
3072 266791.25
3073 266692.02
3074 266692.02
3075 266692.02
3076 266692.02
3077 266692.02
3078 266692.02
3079 266692.02
3080 266692.02
3081 266641.51
3082 266641.51
3083 266568.19
3084 266568.19
3085 266568.19
3086 266568.19
3087 266568.19
3088 266568.19
3089 266568.19
3090 266568.19
3091 266568.19
3092 266567.26
3093 266567.26
3094 266567.26
3095 266548.82
3096 266548.82
3097 266548.82
3098 266548.82
3099 266548.82
3100 266129.90
3101 266129.90
3102 266129.90
3103 265821.80
3104 265536.05
3105 265536.05
3106 265317.56
3107 265317.56
3108 264861.26
3109 264786.96
3110 264786.96
3111 264786.96
3112 264786.96
3113 264383.03
3114 264372.43
3115 264372.43
3116 264372.43
3117 264372.43
3118 264372.43
3119 264217.84
3120 264217.84
3121 264217.84
3122 264217.84
3123 263915.57
3124 263915.57
3125 263915.57
3126 263915.57
3127 263915.57
3128 263915.57
3129 263915.57
3130 263915.57
3131 263915.57
3132 263815.05
3133 263815.05
3134 263815.05
3135 263815.05
3136 263815.05
3137 263762.84
3138 263762.84
3139 263762.84
3140 263762.84
3141 263762.84
3142 263762.84
3143 263263.38
3144 263263.38
3145 263263.38
3146 262876.54
3147 262876.54
3148 262641.18
3149 262641.18
3150 262641.18
3151 262641.18
3152 262641.18
3153 262641.18
3154 262641.18
3155 262641.18
3156 262641.18
3157 262641.18
3158 262641.18
3159 262641.18
3160 262641.18
3161 262641.18
3162 262621.50
3163 262621.50
3164 262621.50
3165 262621.50
3166 262621.50
3167 262621.50
3168 262621.50
3169 262621.50
3170 262621.50
3171 262621.50
3172 262524.08
3173 262524.08
3174 262369.69
3175 262369.69
3176 262369.69
3177 262295.69
3178 262295.69
3179 262174.13
3180 262174.13
3181 262174.13
3182 262174.13
3183 262174.13
3184 262174.13
3185 262174.13
3186 262174.13
3187 262174.13
3188 262174.13
3189 262090.53
3190 262090.53
3191 261763.85
3192 261678.16
3193 261678.16
3194 261678.16
3195 261678.16
3196 261678.16
3197 261678.16
3198 261678.16
3199 261678.16
3200 261678.16
3201 261678.16
3202 261678.16
3203 261506.25
3204 261316.62
3205 261316.62
3206 261219.36
3207 261219.36
3208 261219.36
3209 261071.04
3210 261071.04
3211 261071.04
3212 261071.04
3213 261071.04
3214 261071.04
3215 261071.04
3216 261071.04
3217 261071.04
3218 261071.04
3219 261071.04
3220 260691.36
3221 260691.36
3222 260691.36
3223 260691.36
3224 260691.36
3225 260691.36
3226 260691.36
3227 260691.36
3228 260691.36
3229 260691.36
3230 260691.36
3231 260682.37
3232 260682.37
3233 260682.37
3234 260682.37
3235 260682.37
3236 260682.37
3237 260536.07
3238 260536.07
3239 260536.07
3240 260536.07
3241 260392.38
3242 260392.38
3243 260392.38
3244 260392.38
3245 260392.38
3246 260392.38
3247 260392.38
3248 260392.38
3249 260392.38
3250 260380.58
3251 260380.58
3252 260380.58
3253 260380.58
3254 260380.58
3255 260380.58
3256 260380.58
3257 260380.58
3258 260380.58
3259 260380.58
3260 260380.58
3261 260380.58
3262 260020.44
3263 260016.01
3264 260016.01
3265 260016.01
3266 260016.01
3267 260016.01
3268 260016.01
3269 260016.01
3270 260016.01
3271 260016.01
3272 259828.05
3273 259607.94
3274 259607.94
3275 259607.94
3276 259607.94
3277 259607.94
3278 259607.94
3279 259372.01
3280 259372.01
3281 259372.01
3282 259372.01
3283 259372.01
3284 259372.01
3285 259372.01
3286 259034.85
3287 258601.21
3288 258274.58
3289 258274.58
3290 258274.58
3291 258239.14
3292 258239.14
3293 258239.14
3294 258239.14
3295 258239.14
3296 258239.14
3297 258239.14
3298 258239.14
3299 258239.14
3300 258189.41
3301 258189.41
3302 258189.41
3303 258189.41
3304 258189.41
3305 258189.41
3306 258189.41
3307 258189.41
3308 258189.41
3309 258189.41
3310 258189.41
3311 258189.41
3312 258189.41
3313 258189.41
3314 258189.41
3315 258189.41
3316 258189.41
3317 258138.63
3318 258138.63
3319 258138.63
3320 258138.63
3321 258138.63
3322 258138.63
3323 258138.63
3324 258032.56
3325 258032.56
3326 258032.56
3327 258032.56
3328 258032.56
3329 258032.56
3330 258032.56
3331 258032.56
3332 258032.56
3333 257873.41
3334 257873.41
3335 257873.41
3336 257873.41
3337 257841.41
3338 257752.14
3339 257752.14
3340 257752.14
3341 257665.60
3342 257665.60
3343 257665.60
3344 257665.60
3345 257665.60
3346 257281.94
3347 257281.94
3348 257281.94
3349 257281.94
3350 257281.94
3351 257281.94
3352 257267.06
3353 257267.06
3354 257106.23
3355 257106.23
3356 257106.23
3357 257106.23
3358 257106.23
3359 257106.23
3360 257106.23
3361 257106.23
3362 257089.06
3363 257089.06
3364 256952.91
3365 256952.91
3366 256952.91
3367 256952.91
3368 256952.91
3369 256952.91
3370 256952.91
3371 256952.91
3372 256952.91
3373 256952.91
3374 256952.91
3375 256952.91
3376 256952.91
3377 256952.91
3378 256906.88
3379 256906.88
3380 256906.88
3381 256883.76
3382 256883.76
3383 256883.76
3384 256883.76
3385 256883.76
3386 256883.76
3387 256883.76
3388 256883.76
3389 256883.76
3390 256369.78
3391 256369.78
3392 256369.78
3393 256369.78
3394 256369.78
3395 256369.78
3396 256369.78
3397 256185.83
3398 255737.59
3399 255644.22
3400 255644.22
3401 255644.22
3402 255644.22
3403 255644.22
3404 255582.90
3405 255558.46
3406 255515.11
3407 255515.11
3408 255515.11
3409 255515.11
3410 255515.11
3411 255515.11
3412 255515.11
3413 255515.11
3414 255515.11
3415 255515.11
3416 255491.27
3417 255491.27
3418 255491.27
3419 255173.98
3420 255173.98
3421 255173.98
3422 255173.98
3423 255173.98
3424 255045.10
3425 255000.34
3426 255000.34
3427 255000.34
3428 255000.34
3429 255000.34
3430 255000.34
3431 255000.34
3432 255000.34
3433 255000.34
3434 255000.34
3435 255000.34
3436 254553.11
3437 254553.11
3438 254553.11
3439 254553.11
3440 254553.11
3441 254553.11
3442 254553.11
3443 254553.11
3444 254553.11
3445 254553.11
3446 254553.11
3447 254553.11
3448 254553.11
3449 254553.11
3450 254553.11
3451 254553.11
3452 254483.68
3453 254483.68
3454 254483.68
3455 254398.56
3456 254398.56
3457 254398.56
3458 254398.56
3459 254398.56
3460 254398.56
3461 254108.15
3462 254108.15
3463 254108.15
3464 254108.15
3465 254108.15
3466 254108.15
3467 254108.15
3468 253997.41
3469 253997.41
3470 253997.41
3471 253860.42
3472 253860.42
3473 253860.42
3474 253860.42
3475 253860.42
3476 253860.42
3477 253860.42
3478 253860.42
3479 253860.42
3480 253788.33
3481 253443.23
3482 253443.23
3483 253443.23
3484 253443.23
3485 253443.23
3486 253443.23
3487 253443.23
3488 253443.23
3489 253443.23
3490 253443.23
3491 253361.92
3492 253361.92
3493 253361.92
3494 253361.92
3495 253361.92
3496 253279.70
3497 253279.70
3498 253279.70
3499 253279.70
3500 253279.70
3501 253279.70
3502 253279.70
3503 253230.11
3504 253230.11
3505 253230.11
3506 253230.11
3507 253183.83
3508 253119.18
3509 252863.33
3510 252802.80
3511 252802.80
3512 252802.80
3513 252802.80
3514 252802.80
3515 252802.80
3516 252802.80
3517 252802.80
3518 252802.80
3519 252802.80
3520 252802.80
3521 252802.80
3522 252802.80
3523 252516.85
3524 252239.05
3525 252239.05
3526 252239.05
3527 252239.05
3528 252174.04
3529 252174.04
3530 252174.04
3531 252174.04
3532 252174.04
3533 252092.23
3534 251909.02
3535 251909.02
3536 251909.02
3537 251909.02
3538 251909.02
3539 251909.02
3540 251909.02
3541 251909.02
3542 251407.57
3543 251407.57
3544 251407.57
3545 251399.72
3546 251399.72
3547 251399.72
3548 251399.72
3549 251399.72
3550 251399.72
3551 251399.72
3552 251337.63
3553 251337.63
3554 251337.63
3555 251337.63
3556 251337.63
3557 251337.63
3558 251337.63
3559 251205.40
3560 251205.40
3561 251205.40
3562 251205.40
3563 251205.40
3564 251205.40
3565 251137.55
3566 251137.55
3567 250939.62
3568 250939.62
3569 250939.62
3570 250939.62
3571 250939.62
3572 250939.62
3573 250939.62
3574 250939.62
3575 250939.62
3576 250939.62
3577 250939.62
3578 250939.62
3579 250939.62
3580 250939.62
3581 250939.62
3582 250939.62
3583 250939.62
3584 250939.62
3585 250939.62
3586 250939.62
3587 250939.62
3588 250939.62
3589 250939.62
3590 250818.83
3591 250818.83
3592 250818.83
3593 250818.83
3594 250818.83
3595 250811.65
3596 250811.65
3597 250811.65
3598 250669.52
3599 250571.08
3600 250571.08
3601 250571.08
3602 250549.18
3603 250549.18
3604 250147.80
3605 250147.80
3606 250147.80
3607 250147.80
3608 250147.80
3609 250147.80
3610 249718.88
3611 249643.03
3612 249643.03
3613 249643.03
3614 249643.03
3615 249643.03
3616 249643.03
3617 249643.03
3618 249643.03
3619 249643.03
3620 249643.03
3621 249450.13
3622 249450.13
3623 249450.13
3624 249450.13
3625 249450.13
3626 249450.13
3627 249450.13
3628 249450.13
3629 249450.13
3630 249450.13
3631 249450.13
3632 249450.13
3633 249418.66
3634 249418.66
3635 249418.66
3636 249418.66
3637 249418.66
3638 249035.08
3639 249035.08
3640 249035.08
3641 249035.08
3642 249035.08
3643 249035.08
3644 249035.08
3645 248856.53
3646 248849.35
3647 248849.35
3648 248849.35
3649 248849.35
3650 248849.35
3651 248849.35
3652 248624.90
3653 248624.90
3654 248624.90
3655 248624.90
3656 248624.90
3657 248624.90
3658 248624.90
3659 248624.90
3660 248624.90
3661 248575.46
3662 248575.46
3663 248541.81
3664 248541.81
3665 248432.25
3666 248282.04
3667 248089.98
3668 248089.98
3669 247833.19
3670 247833.19
3671 247833.19
3672 247833.19
3673 247833.19
3674 247833.19
3675 247833.19
3676 247833.19
3677 247555.21
3678 247555.21
3679 247555.21
3680 247555.21
3681 247008.51
3682 247008.51
3683 247008.51
3684 247008.51
3685 247008.51
3686 247008.51
3687 246980.27
3688 246980.27
3689 246807.35
3690 246807.35
3691 246807.35
3692 246807.35
3693 246807.35
3694 246807.35
3695 246807.35
3696 246507.24
3697 246507.24
3698 246420.71
3699 246420.71
3700 246410.85
3701 246410.85
3702 246410.85
3703 246074.61
3704 246074.61
3705 246074.61
3706 246074.61
3707 246074.61
3708 246074.61
3709 246074.61
3710 245991.88
3711 245991.88
3712 245991.88
3713 245753.88
3714 245753.88
3715 245436.90
3716 245436.90
3717 245436.90
3718 245326.06
3719 245326.06
3720 245326.06
3721 245326.06
3722 245126.80
3723 245126.80
3724 245126.80
3725 245126.80
3726 245126.80
3727 245126.80
3728 245126.80
3729 245126.80
3730 245025.58
3731 245025.58
3732 245025.58
3733 245025.58
3734 245025.58
3735 245025.58
3736 245025.58
3737 245025.58
3738 245025.58
3739 245025.58
3740 245025.58
3741 245025.58
3742 245025.58
3743 245025.58
3744 245025.58
3745 245025.58
3746 245025.58
3747 245025.58
3748 245025.58
3749 244881.20
3750 244881.20
3751 244839.32
3752 244785.07
3753 244785.07
3754 244785.07
3755 244785.07
3756 244785.07
3757 244785.07
3758 244785.07
3759 244785.07
3760 244785.07
3761 244785.07
3762 244785.07
3763 244785.07
3764 244512.28
3765 244512.28
3766 244512.28
3767 244512.28
3768 244512.28
3769 244149.57
3770 244149.57
3771 244149.57
3772 244149.57
3773 244149.57
3774 244149.57
3775 244149.57
3776 244149.57
3777 244149.57
3778 244149.57
3779 244149.57
3780 244149.57
3781 244149.57
3782 244149.57
3783 244149.57
3784 244149.57
3785 244149.57
3786 244149.57
3787 244149.57
3788 244149.57
3789 244149.57
3790 244149.57
3791 244149.57
3792 244149.57
3793 244149.57
3794 244149.57
3795 244149.57
3796 244116.53
3797 244116.53
3798 244116.53
3799 244116.53
3800 244116.53
3801 244116.53
3802 244116.53
3803 244116.53
3804 244116.53
3805 244116.53
3806 244116.53
3807 244116.53
3808 244116.53
3809 244116.53
3810 244116.53
3811 244116.53
3812 244116.53
3813 244116.53
3814 244116.53
3815 244116.53
3816 244116.53
3817 244116.53
3818 243773.70
3819 243773.70
3820 243773.70
3821 243773.70
3822 243773.70
3823 243773.70
3824 243773.70
3825 243773.70
3826 243773.70
3827 243773.70
3828 243773.70
3829 243773.70
3830 243773.70
3831 243773.70
3832 243773.70
3833 243773.70
3834 243773.70
3835 243773.70
3836 243593.23
3837 243593.23
3838 243593.23
3839 243444.01
3840 243444.01
3841 243444.01
3842 243444.01
3843 243444.01
3844 243399.65
3845 243399.65
3846 243399.65
3847 243399.65
3848 243399.65
3849 243399.65
3850 243399.65
3851 243399.65
3852 243391.05
3853 243391.05
3854 243391.05
3855 243391.05
3856 243391.05
3857 243391.05
3858 243387.86
3859 243387.86
3860 243387.86
3861 243387.86
3862 243375.51
3863 243375.51
3864 243268.85
3865 243268.85
3866 243268.85
3867 243264.07
3868 243264.07
3869 243170.26
3870 243170.26
3871 243020.26
3872 243020.26
3873 242966.93
3874 242966.93
3875 242966.93
3876 242697.10
3877 242697.10
3878 242499.71
3879 242499.71
3880 242499.71
3881 242499.71
3882 242196.62
3883 242196.62
3884 242196.62
3885 242196.62
3886 242196.62
3887 242196.62
3888 242196.62
3889 242196.62
3890 242196.62
3891 242196.62
3892 242196.62
3893 242196.62
3894 242196.62
3895 242140.33
3896 242140.33
3897 242140.33
3898 242140.33
3899 242140.33
3900 242140.33
3901 241770.18
3902 241770.18
3903 241770.18
3904 241770.18
3905 241644.72
3906 241644.72
3907 241644.72
3908 241644.72
3909 241612.26
3910 241587.92
3911 241587.92
3912 241580.10
3913 241580.10
3914 241580.10
3915 241580.10
3916 241580.10
3917 241580.10
3918 241580.10
3919 241580.10
3920 241580.10
3921 241580.10
3922 241285.86
3923 241285.86
3924 241285.86
3925 241285.86
3926 241285.86
3927 241285.86
3928 241285.86
3929 241285.86
3930 241285.86
3931 241285.86
3932 241285.86
3933 241285.86
3934 241285.86
3935 241285.86
3936 241285.86
3937 241285.86
3938 240875.15
3939 240875.15
3940 240875.15
3941 240480.98
3942 240480.98
3943 240480.98
3944 240480.98
3945 240480.98
3946 240480.98
3947 240480.98
3948 240480.98
3949 240480.98
3950 240473.99
3951 240473.99
3952 240473.99
3953 240473.99
3954 240473.99
3955 240473.99
3956 240473.99
3957 240473.99
3958 240473.99
3959 240473.99
3960 240473.99
3961 240473.99
3962 240473.99
3963 240473.99
3964 240473.99
3965 240473.99
3966 240473.99
3967 240473.99
3968 240473.99
3969 240473.99
3970 240473.99
3971 240473.99
3972 240131.61
3973 240131.61
3974 240131.61
3975 240131.61
3976 240131.61
3977 240131.61
3978 240131.61
3979 240131.61
3980 239989.92
3981 239989.92
3982 239989.92
3983 239978.26
3984 239764.05
3985 239764.05
3986 239764.05
3987 239764.05
3988 239764.05
3989 239764.05
3990 239764.05
3991 239764.05
3992 239764.05
3993 239708.14
3994 239708.14
3995 239708.14
3996 239708.14
3997 239708.14
3998 239708.14
3999 239708.14
4000 239708.14
4001 239708.14
4002 239708.14
4003 239708.14
4004 239708.14
4005 239708.14
4006 239708.14
4007 239708.14
4008 239708.14
4009 239708.14
4010 239708.14
4011 239567.58
4012 239567.58
4013 239567.58
4014 239567.58
4015 239567.58
4016 239567.58
4017 239505.66
4018 239505.66
4019 239359.17
4020 239359.17
4021 239359.17
4022 239359.17
4023 239359.17
4024 239359.17
4025 239359.17
4026 239359.17
4027 239359.17
4028 239359.17
4029 239359.17
4030 239359.17
4031 239359.17
4032 239359.17
4033 239359.17
4034 239359.17
4035 239359.17
4036 239290.28
4037 239290.28
4038 239290.28
4039 239290.28
4040 238947.82
4041 238947.82
4042 238947.82
4043 238947.82
4044 238947.82
4045 238947.82
4046 238791.05
4047 238791.05
4048 238791.05
4049 238791.05
4050 238791.05
4051 238791.05
4052 238791.05
4053 238488.58
4054 238488.58
4055 238319.12
4056 238319.12
4057 238319.12
4058 238315.71
4059 238315.71
4060 238315.71
4061 238315.71
4062 238236.32
4063 238220.39
4064 238220.39
4065 238220.39
4066 238220.39
4067 237970.38
4068 237908.30
4069 237908.30
4070 237908.30
4071 237908.30
4072 237908.30
4073 237908.30
4074 237908.30
4075 237908.30
4076 237908.30
4077 237908.30
4078 237908.30
4079 237908.30
4080 237908.30
4081 237908.30
4082 237908.30
4083 237908.30
4084 237908.30
4085 237908.30
4086 237908.30
4087 237908.30
4088 237908.30
4089 237908.30
4090 237630.08
4091 237630.08
4092 237630.08
4093 237630.08
4094 237630.08
4095 237630.08
4096 237630.08
4097 237630.08
4098 237630.08
4099 237630.08
4100 237352.37
4101 237352.37
4102 237352.37
4103 237352.37
4104 237299.37
4105 237299.37
4106 237299.37
4107 236885.84
4108 236885.84
4109 236885.84
4110 236885.84
4111 236885.84
4112 236885.84
4113 236885.84
4114 236885.84
4115 236885.84
4116 236885.84
4117 236885.84
4118 236885.84
4119 236885.84
4120 236885.84
4121 236794.55
4122 236794.55
4123 236794.55
4124 236794.55
4125 236681.27
4126 236617.89
4127 236617.89
4128 236617.89
4129 236617.89
4130 236617.89
4131 236617.89
4132 236617.89
4133 236617.89
4134 236400.37
4135 236400.37
4136 236154.91
4137 236089.48
4138 236089.48
4139 236089.48
4140 236089.48
4141 236089.48
4142 236087.83
4143 236087.83
4144 236087.83
4145 236087.83
4146 236087.83
4147 236087.83
4148 236087.83
4149 236087.83
4150 236087.83
4151 235986.64
4152 235986.64
4153 235755.91
4154 235755.91
4155 235755.91
4156 235755.91
4157 235539.33
4158 235359.71
4159 235359.71
4160 235359.71
4161 235294.89
4162 235294.89
4163 235294.89
4164 235294.89
4165 235294.89
4166 235294.89
4167 235294.89
4168 235294.89
4169 235294.89
4170 235239.08
4171 235239.08
4172 234977.83
4173 234977.83
4174 234894.93
4175 234894.93
4176 234894.93
4177 234894.93
4178 234894.93
4179 234868.22
4180 234820.77
4181 234820.77
4182 234820.77
4183 234820.77
4184 234813.17
4185 234813.17
4186 234813.17
4187 234813.17
4188 234813.17
4189 234759.61
4190 234759.61
4191 234759.61
4192 234580.88
4193 234580.88
4194 234580.88
4195 234580.88
4196 234306.90
4197 234306.90
4198 234306.90
4199 234306.90
4200 234306.90
4201 234253.68
4202 234049.74
4203 234049.74
4204 234049.74
4205 234049.74
4206 234049.74
4207 234049.74
4208 234049.74
4209 234049.74
4210 234049.74
4211 234049.74
4212 233971.78
4213 233971.78
4214 233971.78
4215 233971.78
4216 233971.78
4217 233971.78
4218 233778.61
4219 233778.61
4220 233778.61
4221 233778.61
4222 233778.61
4223 233778.61
4224 233778.61
4225 233778.61
4226 233778.61
4227 233778.61
4228 233778.61
4229 233778.61
4230 233778.61
4231 233420.88
4232 233420.88
4233 233336.77
4234 233336.77
4235 233336.77
4236 233336.77
4237 233336.77
4238 233336.77
4239 233336.77
4240 233336.77
4241 233171.04
4242 233171.04
4243 233171.04
4244 233171.04
4245 233171.04
4246 233171.04
4247 233128.59
4248 233128.59
4249 233128.59
4250 233128.59
4251 233128.59
4252 233128.59
4253 233128.59
4254 233128.59
4255 233128.59
4256 233128.59
4257 232880.89
4258 232784.42
4259 232784.42
4260 232784.42
4261 232784.42
4262 232784.42
4263 232784.42
4264 232784.42
4265 232642.10
4266 232642.10
4267 232642.10
4268 232552.24
4269 232552.24
4270 232298.05
4271 232298.05
4272 232298.05
4273 232298.05
4274 232298.05
4275 232298.05
4276 232182.89
4277 232182.89
4278 232182.89
4279 232182.89
4280 232182.89
4281 232182.89
4282 232182.89
4283 232182.89
4284 232182.89
4285 232182.89
4286 232182.89
4287 232182.89
4288 232182.89
4289 232182.89
4290 232182.89
4291 232182.89
4292 232182.89
4293 232182.89
4294 232182.89
4295 232182.89
4296 232182.89
4297 232182.89
4298 232182.89
4299 232182.89
4300 232182.89
4301 232182.89
4302 232182.89
4303 232182.89
4304 232182.89
4305 232182.89
4306 232182.89
4307 232182.89
4308 232182.89
4309 231638.85
4310 231638.85
4311 231638.85
4312 231519.22
4313 231519.22
4314 231519.22
4315 231519.22
4316 231519.22
4317 231519.22
4318 231519.22
4319 231519.22
4320 231519.22
4321 231519.22
4322 231519.22
4323 231519.22
4324 231519.22
4325 231487.85
4326 231487.85
4327 231487.85
4328 231330.08
4329 231330.08
4330 231330.08
4331 231115.82
4332 231115.82
4333 231115.82
4334 231115.82
4335 231115.82
4336 231115.82
4337 230997.05
4338 230997.05
4339 230997.05
4340 230997.05
4341 230997.05
4342 230968.00
4343 230968.00
4344 230968.00
4345 230812.06
4346 230812.06
4347 230812.06
4348 230812.06
4349 230812.06
4350 230733.32
4351 230733.32
4352 230733.32
4353 230733.32
4354 230733.32
4355 230733.32
4356 230733.32
4357 230733.32
4358 230733.32
4359 230733.32
4360 230733.32
4361 230733.32
4362 230613.74
4363 230613.74
4364 230613.74
4365 230613.74
4366 230613.74
4367 230613.74
4368 230613.74
4369 230613.74
4370 230613.74
4371 230613.74
4372 230613.74
4373 230613.74
4374 230613.74
4375 230613.74
4376 230613.74
4377 230334.87
4378 230334.87
4379 230288.10
4380 230288.10
4381 230288.10
4382 230288.10
4383 230288.10
4384 230288.10
4385 230288.10
4386 230288.10
4387 230288.10
4388 230222.93
4389 230222.93
4390 230222.93
4391 230222.93
4392 230222.93
4393 229555.08
4394 229555.08
4395 229555.08
4396 229555.08
4397 229555.08
4398 229555.08
4399 229555.08
4400 229555.08
4401 229555.08
4402 229555.08
4403 229555.08
4404 229555.08
4405 229555.08
4406 229555.08
4407 229436.02
4408 229436.02
4409 229436.02
4410 229436.02
4411 229192.49
4412 229192.49
4413 229192.49
4414 229192.49
4415 229192.49
4416 229192.49
4417 229192.49
4418 229192.49
4419 229192.49
4420 229126.88
4421 229126.88
4422 228834.53
4423 228834.53
4424 228834.53
4425 228834.53
4426 228834.53
4427 228834.53
4428 228834.53
4429 228834.53
4430 228830.33
4431 228830.33
4432 228830.33
4433 228830.33
4434 228658.94
4435 228658.94
4436 228658.94
4437 228658.94
4438 228658.94
4439 228658.94
4440 228658.94
4441 228658.94
4442 228392.28
4443 228392.28
4444 228392.28
4445 228392.28
4446 228392.28
4447 228392.28
4448 228392.28
4449 228392.28
4450 228392.28
4451 228392.28
4452 228392.28
4453 228392.28
4454 228392.28
4455 228392.28
4456 228392.28
4457 228392.28
4458 228392.28
4459 228392.28
4460 228392.28
4461 228392.28
4462 228392.28
4463 228392.28
4464 228392.28
4465 228392.28
4466 228392.28
4467 228279.52
4468 228279.52
4469 228279.52
4470 228279.52
4471 227779.90
4472 227779.90
4473 227779.90
4474 227779.90
4475 227779.90
4476 227710.88
4477 227710.88
4478 227710.88
4479 227710.88
4480 227710.88
4481 227710.88
4482 227710.88
4483 227710.88
4484 227710.88
4485 227710.88
4486 227710.88
4487 227697.87
4488 227513.22
4489 227513.22
4490 227378.79
4491 227378.79
4492 227378.79
4493 227378.79
4494 227378.79
4495 227378.79
4496 227378.79
4497 227378.79
4498 227294.89
4499 227294.89
4500 227294.89
4501 227294.89
4502 227294.89
4503 227294.89
4504 226539.55
4505 226539.55
4506 226539.55
4507 226539.55
4508 226539.55
4509 226539.55
4510 226539.55
4511 226539.55
4512 226539.55
4513 226539.55
4514 226539.55
4515 226539.55
4516 226539.55
4517 226404.62
4518 226404.62
4519 226404.62
4520 226404.62
4521 226404.62
4522 226404.62
4523 226404.62
4524 226383.29
4525 226383.29
4526 226383.29
4527 226383.29
4528 226383.29
4529 226383.29
4530 226383.29
4531 226383.29
4532 226383.29
4533 226383.29
4534 226327.98
4535 226292.65
4536 226292.65
4537 226292.65
4538 226292.65
4539 226292.65
4540 226292.65
4541 226292.65
4542 226292.65
4543 226292.65
4544 226292.65
4545 226252.71
4546 226252.71
4547 226252.71
4548 226252.71
4549 226178.16
4550 226178.16
4551 226178.16
4552 226178.16
4553 226178.16
4554 226178.16
4555 226178.16
4556 226178.16
4557 226178.16
4558 226178.16
4559 226178.16
4560 226178.16
4561 225976.12
4562 225976.12
4563 225976.12
4564 225976.12
4565 225969.38
4566 225969.38
4567 225969.38
4568 225969.38
4569 225969.38
4570 225969.38
4571 225636.23
4572 225218.44
4573 225218.44
4574 225218.44
4575 225218.44
4576 225113.05
4577 225113.05
4578 224962.03
4579 224962.03
4580 224962.03
4581 224962.03
4582 224962.03
4583 224962.03
4584 224962.03
4585 224732.21
4586 224732.21
4587 224732.21
4588 224582.88
4589 224582.88
4590 224582.88
4591 224582.88
4592 224582.88
4593 224582.88
4594 224582.88
4595 224582.88
4596 224582.88
4597 224582.88
4598 224582.88
4599 224582.88
4600 224582.88
4601 224582.88
4602 224582.88
4603 224582.88
4604 224582.88
4605 224582.88
4606 224582.88
4607 224582.88
4608 224582.88
4609 224344.53
4610 224344.53
4611 224344.53
4612 224344.53
4613 224344.53
4614 223758.22
4615 223758.22
4616 223758.22
4617 223758.22
4618 223758.22
4619 223758.22
4620 223758.22
4621 223758.22
4622 223758.22
4623 223758.22
4624 223758.22
4625 223758.22
4626 223758.22
4627 223758.22
4628 223593.84
4629 223593.84
4630 223593.84
4631 223593.84
4632 223593.84
4633 223593.84
4634 223593.84
4635 223593.84
4636 223523.87
4637 223523.87
4638 223462.59
4639 223462.59
4640 223218.02
4641 223122.92
4642 223122.92
4643 223122.92
4644 223122.92
4645 223122.92
4646 223122.92
4647 223122.92
4648 223122.92
4649 223122.92
4650 222847.71
4651 222847.71
4652 222847.71
4653 222847.71
4654 222847.71
4655 222847.71
4656 222847.71
4657 222590.01
4658 222590.01
4659 222590.01
4660 222590.01
4661 222590.01
4662 222590.01
4663 222590.01
4664 222590.01
4665 222590.01
4666 222590.01
4667 222590.01
4668 222590.01
4669 222590.01
4670 222590.01
4671 222590.01
4672 222590.01
4673 222590.01
4674 222590.01
4675 222134.74
4676 222134.74
4677 222134.74
4678 222134.74
4679 222134.74
4680 222134.74
4681 221899.35
4682 221899.35
4683 221899.35
4684 221705.58
4685 221705.58
4686 221705.58
4687 221703.33
4688 221699.80
4689 221685.51
4690 221685.51
4691 221685.51
4692 221685.51
4693 221685.51
4694 221685.51
4695 221328.95
4696 221328.95
4697 221328.95
4698 220941.26
4699 220941.26
4700 220941.26
4701 220941.26
4702 220941.26
4703 220941.26
4704 220941.26
4705 220941.26
4706 220859.96
4707 220859.96
4708 220838.61
4709 220655.64
4710 220655.64
4711 220655.64
4712 220655.64
4713 220655.64
4714 220655.64
4715 220655.64
4716 220655.64
4717 220462.10
4718 220462.10
4719 220462.10
4720 220462.10
4721 220462.10
4722 220462.10
4723 220462.10
4724 220462.10
4725 220462.10
4726 220462.10
4727 220462.10
4728 220311.05
4729 220311.05
4730 220311.05
4731 220203.44
4732 220203.44
4733 220203.44
4734 220203.44
4735 220203.44
4736 220203.44
4737 220203.44
4738 220056.39
4739 220056.39
4740 220043.56
4741 220043.56
4742 220043.56
4743 220043.56
4744 220043.56
4745 219953.55
4746 219953.55
4747 219953.55
4748 219953.55
4749 219953.55
4750 219951.26
4751 219951.26
4752 219951.26
4753 219951.26
4754 219811.31
4755 219811.31
4756 219811.31
4757 219811.31
4758 219811.31
4759 219811.31
4760 219811.31
4761 219811.31
4762 219811.31
4763 219811.31
4764 219811.31
4765 219811.31
4766 219811.31
4767 219811.31
4768 219811.31
4769 219811.31
4770 219811.31
4771 219811.31
4772 219718.29
4773 219718.29
4774 219718.29
4775 219718.29
4776 219718.29
4777 219718.29
4778 219718.29
4779 219718.29
4780 219718.29
4781 219718.29
4782 219718.29
4783 219718.29
4784 219718.29
4785 219570.72
4786 219570.72
4787 219570.72
4788 219570.72
4789 219570.72
4790 219570.72
4791 219570.72
4792 219570.72
4793 219570.72
4794 219570.72
4795 219570.72
4796 219570.72
4797 219570.72
4798 219570.72
4799 219570.72
4800 219570.72
4801 219570.72
4802 219570.72
4803 219570.72
4804 219570.72
4805 219570.72
4806 219545.61
4807 219545.61
4808 219545.61
4809 219458.76
4810 219458.76
4811 219458.76
4812 219458.76
4813 219458.14
4814 219458.14
4815 219458.14
4816 219458.14
4817 219458.14
4818 219458.14
4819 219458.14
4820 219458.14
4821 219458.14
4822 219458.14
4823 219458.14
4824 219458.14
4825 219458.14
4826 219458.14
4827 219458.14
4828 219458.14
4829 219458.14
4830 219458.14
4831 219458.14
4832 219458.14
4833 219405.57
4834 219405.57
4835 219405.57
4836 219405.57
4837 219091.55
4838 219091.55
4839 219091.55
4840 219091.55
4841 219023.40
4842 218977.78
4843 218977.78
4844 218977.78
4845 218645.31
4846 218645.31
4847 218645.31
4848 218645.31
4849 218645.31
4850 218645.31
4851 218645.31
4852 218645.31
4853 218645.31
4854 218645.31
4855 218645.31
4856 218473.45
4857 218473.45
4858 218473.45
4859 218473.45
4860 218473.45
4861 218473.45
4862 218473.45
4863 218473.45
4864 218473.45
4865 218473.45
4866 218473.45
4867 218473.45
4868 218473.45
4869 218460.48
4870 218460.48
4871 218460.48
4872 218460.48
4873 218460.48
4874 218460.48
4875 218460.48
4876 218460.48
4877 218460.48
4878 218366.59
4879 218366.59
4880 218366.59
4881 218366.59
4882 218366.59
4883 218366.59
4884 218206.03
4885 218206.03
4886 218206.03
4887 218091.66
4888 218091.66
4889 218091.66
4890 218031.16
4891 217874.60
4892 217874.60
4893 217874.60
4894 217874.60
4895 217874.60
4896 217770.49
4897 217770.49
4898 217770.49
4899 217770.49
4900 217770.49
4901 217770.49
4902 217770.49
4903 217770.49
4904 217770.49
4905 217770.49
4906 217770.49
4907 217713.23
4908 217713.23
4909 217713.23
4910 217534.45
4911 217534.45
4912 217534.45
4913 217534.45
4914 217534.45
4915 217534.45
4916 217485.97
4917 217485.97
4918 217444.29
4919 217444.29
4920 217444.29
4921 217417.78
4922 217417.78
4923 217417.78
4924 217417.78
4925 217417.78
4926 217417.78
4927 217417.78
4928 217417.78
4929 217369.57
4930 217369.57
4931 217369.57
4932 217369.57
4933 217369.57
4934 217369.57
4935 217369.57
4936 217369.57
4937 217369.57
4938 217369.57
4939 217369.57
4940 217258.40
4941 217130.60
4942 216916.08
4943 216916.08
4944 216771.03
4945 216771.03
4946 216680.30
4947 216680.30
4948 216680.30
4949 216680.30
4950 216680.30
4951 216680.30
4952 216680.30
4953 216680.30
4954 216680.30
4955 216407.77
4956 216407.77
4957 216407.77
4958 216407.77
4959 216407.77
4960 216407.77
4961 216407.77
4962 216407.77
4963 216407.77
4964 216340.76
4965 216229.02
4966 216229.02
4967 216229.02
4968 216229.02
4969 216229.02
4970 216229.02
4971 216229.02
4972 216229.02
4973 216229.02
4974 216203.50
4975 216203.50
4976 216203.50
4977 216203.50
4978 216203.50
4979 216203.50
4980 216203.50
4981 216203.50
4982 216203.50
4983 216203.50
4984 216203.50
4985 216203.50
4986 216203.50
4987 216195.47
4988 216195.47
4989 216195.47
4990 216195.47
4991 216195.47
4992 216195.47
4993 215769.20
4994 215769.20
4995 215769.20
4996 215570.14
4997 215570.14
4998 215467.35
4999 215467.35
